1273
985.2962 409.3511 25.7312 0
985.2662 416.7311 25.8432 0
985.2462 425.9811 25.9709 0
985.2762 435.3011 26.081 0
985.3062 452.0811 26.2121 0
985.3062 462.4111 26.2429 0
985.1562 475.4211 26.3972 0
985.0862 492.1011 26.6836 0
985.1062 507.0711 26.9956 0
985.1062 514.4811 27.1587 0
984.9862 527.5311 27.4683 0
984.9662 538.6711 27.7437 0
984.9862 549.6711 28.021 0
984.9662 570.1411 28.5537 0
984.9362 596.2811 29.231 0
984.9462 611.1011 29.5896 0
984.9362 623.9211 29.8691 0
984.7362 629.8811 30.0437 0
984.4962 633.6811 30.2302 0
983.5462 642.9611 30.7441 0
982.0962 653.7111 31.4687 0
980.4962 666.7201 32.4394 0
979.6262 674.2201 33.0159 0
978.9062 681.6011 33.5691 0
978.3962 686.2201 33.9099 0
978.2662 688.9511 34.0918 0
978.0462 694.7011 34.4731 0
978.0262 696.5511 34.5776 0
978.0662 700.2511 34.7756 0
978.2262 703.2911 34.9377 0
978.7062 707.6911 35.0823 0
979.1672 710.7111 35.1802 0
979.9962 713.5101 35.2317 0
981.4262 716.3111 35.281 0
983.5362 719.3011 35.3237 0
986.0362 722.0211 35.3479 0
988.8662 724.5411 35.352 0
991.7762 726.8011 35.3347 0
996.4762 730.1911 35.2664 0
999.8462 732.4211 35.1838 0
1008.4262 737.8311 34.8049 0
1013.6062 740.8811 34.4119 0
1023.4062 746.8311 33.4163 0
1027.8362 750.1511 32.8733 0
1031.4862 753.4811 32.3911 0
1034.7562 757.2711 31.9456 0
1037.3662 761.7411 31.5835 0
1038.8962 766.7511 31.3787 0
1039.0862 769.3011 31.3674 0
1039.0862 772.2911 31.3551 0
1039.0162 775.6011 31.4403 0
1039.0362 790.4511 31.8075 0
1039.0962 802.9611 32.0748 0
1038.9962 813.0411 32.2647 0
1039.0562 828.0411 32.5047 0
1039.0562 850.5711 32.9544 0
1039.0562 873.0811 34.0963 0
1039.0762 883.0211 34.9447 0
1039.1062 897.9411 36.4471 0
1039.0462 917.8811 38.0792 0
1039.1262 937.8111 39.1412 0
1039.0662 960.2711 39.9449 0
1039.1462 977.7711 40.2613 0
1039.0762 985.3311 40.2811 0
1039.1162 995.2201 40.255 0
1039.1762 1002.6611 40.1971 0
1039.3262 1017.6611 40.0457 0
1039.4862 1035.3411 39.7716 0
1039.2962 1042.9311 39.5958 0
1038.9062 1050.6011 39.3509 0
1038.2262 1056.1411 39.1561 0
1036.9262 1061.5211 38.932 0
1035.0362 1066.6311 38.6624 0
1032.7462 1071.4211 38.3302 0
1029.6962 1076.1211 37.9107 0
1026.3862 1080.4511 37.4652 0
1022.7662 1084.4011 37.024 0
1018.4962 1087.8811 36.576 0
1014.0362 1091.0101 36.1488 0
1009.1862 1093.7311 35.7403 0
1004.0362 1095.8411 35.3739 0
999.8362 1097.1511 35.1224 0
993.6672 1098.2511 35.0978 0
987.7862 1098.5211 34.7667 0
981.8262 1098.4211 34.43 0
975.5362 1098.0211 34.18 0
969.2862 1097.0811 33.9325 0
957.6262 1094.8411 33.6585 0
950.0962 1093.5011 33.5631 0
942.7862 1092.4111 33.4938 0
937.4762 1092.0511 33.4906 0
929.8662 1091.9311 33.5013 0
922.3462 1091.9311 33.6083 0
909.6762 1092.0311 33.7865 0
891.9462 1092.0411 33.8248 0
876.0362 1091.9211 33.8582 0
855.0962 1091.9701 33.959 0
844.5062 1091.9211 34.0377 0
839.2062 1091.8611 34.0797 0
828.7162 1091.9211 34.1544 0
818.1672 1091.9211 34.2388 0
799.7462 1091.9211 34.4175 0
783.9262 1091.9701 34.6546 0
770.8262 1091.8111 34.8109 0
752.3662 1091.9011 34.961 0
736.5562 1091.9011 35.2308 0
713.0062 1091.8411 35.7498 0
702.3262 1091.9911 35.9883 0
691.8962 1091.9211 36.2213 0
681.2962 1091.8711 36.4114 0
670.7862 1091.8711 36.5748 0
662.8662 1091.9011 36.7205 0
647.1262 1091.9211 37.0032 0
633.8962 1091.9701 37.0909 0
618.2262 1091.9701 37.1968 0
589.1672 1091.9111 37.4278 0
565.5162 1091.9311 37.6409 0
544.4172 1091.9311 37.8592 0
526.0562 1091.9811 38.0264 0
512.9362 1091.9611 38.1317 0
502.4662 1091.9701 38.1971 0
491.9762 1092.0101 38.2459 0
483.9462 1091.9701 38.275 0
462.9062 1092.0011 38.2728 0
447.1462 1092.0911 38.1815 0
431.3462 1092.0311 37.9918 0
415.5462 1092.1211 37.7947 0
389.2162 1092.3911 36.9944 0
370.8062 1092.5211 36.1362 0
360.2862 1092.5711 35.5747 0
344.5162 1092.4411 34.5602 0
331.3862 1092.3711 33.528 0
305.2862 1092.2011 30.9636 0
284.3462 1092.2601 28.4804 0
266.1362 1092.3511 26.192 0
241.1062 1092.3011 22.7152 0
220.2462 1092.2811 19.6195 0
203.4962 1092.0211 16.9845 0
175.8562 1091.6011 12.7333 0
172.0262 1091.6611 12.1919 4
163.3162 1091.6411 10.9587 4
156.4562 1091.6611 9.94259 4
148.6262 1091.6211 8.7214 4
145.6562 1091.6411 8.23849 4
141.7262 1091.6211 7.58248 4
136.3162 1091.6911 6.5942 4
132.3062 1091.6911 5.83307 4
128.2562 1091.6911 5.02887 4
124.4562 1091.6611 4.26373 4
120.8562 1091.6411 3.54523 4
117.6162 1091.4701 2.88702 4
114.3862 1091.2111 2.23688 4
111.0962 1090.7511 1.59308 4
107.7762 1090.2201 0.964172 4
104.4172 1089.4311 0.337952 4
101.0062 1088.4811 -0.280945 4
97.526199999999 1087.3511 -0.911476 4
94.0362 1085.9611 -1.53794 4
90.5762 1084.5101 -2.10557 4
87.2662 1082.8711 -2.57725 4
84.106199999999 1081.0511 -2.97276 4
80.9172 1079.0811 -3.30454 4
77.8762 1076.9011 -3.55772 4
74.5962 1074.4211 -3.75327 4
71.566199999999 1071.7311 -3.87315 4
68.8062 1069.1711 -4.00203 4
62.4562 1061.6511 -4.00203 4
57.3362 1054.1311 -4.00203 4
53.8462 1046.9911 -4.00203 4
50.116199999999 1037.6511 -4.00203 4
47.406199999999 1029.9311 -4.00203 4
46.7562 1023.2011 -4.00203 4
46.5562 1003.4701 -4.00203 4
46.5562 991.6511 -4.00203 4
46.6262 968.1511 -3.90335 4
46.5562 952.4311 -3.90335 4
46.566199999999 936.7011 -3.90335 4
46.5762 917.0411 -3.90335 4
46.616199999999 901.2201 -3.90335 4
46.6262 886.1511 -3.86708 4
46.6362 874.2601 -3.86708 4
46.6362 843.7311 -3.86719 5
46.736199999999 810.7411 -3.90336 4
46.6362 794.9411 -3.90336 4
46.6762 779.3011 -3.90336 4
46.7962 777.0211 -3.90336 4
47.3962 772.2011 -3.90336 4
48.616199999999 767.7411 -3.90336 4
51.5762 761.2511 -3.90336 4
57.3362 753.6911 -3.90336 4
62.8062 749.2511 -3.85328 4
92.0962 732.2511 -3.8591 4
103.2662 725.6911 -4.10808 4
110.5962 721.1111 -4.58921 4
122.7262 713.7201 -5.516 4
132.3062 708.0411 -5.51566 4
151.6762 697.2011 -5.516 4
156.7262 692.8611 -5.51566 4
160.7962 688.2511 -5.51566 4
163.5562 682.3611 -5.51566 4
164.8662 678.3611 -5.51566 4
165.6762 674.3211 -5.51566 4
165.9762 670.1211 -5.51566 4
165.9262 654.3411 -5.51566 4
165.9962 634.7511 -5.51566 4
165.8262 619.0311 -5.51566 4
165.7262 607.4111 -5.51566 4
165.8062 576.4511 -5.47925 5
165.7862 544.2911 -5.51566 4
166.1862 537.6811 -5.51566 4
167.1162 531.0511 -5.51566 4
168.5362 524.5811 -5.51566 4
170.5862 518.1711 -5.51566 4
173.1462 512.0311 -5.51566 4
176.2962 506.1911 -5.51566 4
182.0862 496.0611 -5.51566 4
187.9762 485.8111 -5.51566 4
191.9262 478.9511 -5.51554 4
194.1162 475.3611 -5.51896 4
196.4362 472.1111 -5.52067 4
199.2762 468.9011 -5.52164 4
202.2962 465.8211 -5.5214 4
205.0662 462.7011 -5.5214 4
207.3862 459.5811 -5.5214 4
209.6362 456.1411 -5.52134 4
212.2862 452.3211 -5.52134 4
218.1562 445.8511 -5.52134 4
223.7562 440.3311 -5.52134 4
229.3262 434.8311 -5.52134 4
234.8562 429.1811 -5.52134 4
239.3962 424.7911 -5.52134 4
243.1462 421.8411 -5.52134 4
247.2762 419.4511 -5.52134 4
251.7462 417.7911 -5.52134 4
259.9362 415.1211 -5.52134 4
265.6862 412.7601 -5.52134 4
271.3462 409.9611 -5.52134 4
276.5662 406.5101 -5.52134 4
281.5662 402.6211 -5.52134 4
286.2862 398.5211 -5.52134 4
290.4662 393.6911 -5.52134 4
295.4762 387.0311 -5.52134 4
299.6862 379.8111 -5.52134 4
302.2862 374.0911 -5.52134 4
304.2462 368.2111 -5.52134 4
305.8262 362.2811 -5.59287 4
310.9762 343.3911 -6.9625 4
314.9562 328.3111 -9.0816 4
319.0462 313.2511 -11.2755 4
323.1362 298.1211 -13.3996 4
327.2062 282.9311 -14.633 4
329.7962 273.2911 -14.8413 4
330.9062 267.0911 -14.8413 4
331.4462 262.8611 -14.8413 4
331.6162 258.6211 -14.8413 4
331.6162 254.5211 -14.8413 4
331.3062 250.2811 -14.8413 4
330.4662 244.1711 -14.8413 4
329.1262 238.0611 -14.8413 4
326.4362 230.1311 -14.8413 4
323.7962 224.4011 -14.8413 4
321.7662 220.7311 -14.8413 4
318.3762 215.4511 -14.8413 4
314.6162 210.4811 -14.8413 4
311.8762 207.3611 -14.8413 4
307.4662 202.8411 -14.8413 4
302.6762 198.8611 -14.8413 4
297.5262 195.2811 -14.8413 4
278.5462 184.5511 -14.8413 4
268.3262 178.6611 -14.8413 4
264.2462 176.0611 -14.8413 4
260.6762 172.8611 -14.8413 4
257.6562 170.1111 -14.8413 4
255.9062 168.9911 -14.8413 4
250.7862 165.8611 -14.8413 4
240.6562 159.8011 -14.8413 4
230.5062 153.8911 -14.8413 4
220.1862 148.0311 -14.8413 4
213.4062 144.1511 -14.8413 4
206.6262 140.2111 -14.8413 4
199.8662 136.3411 -14.8413 4
173.7662 121.2311 -14.8049 5
145.1962 104.9611 -14.8413 4
141.2962 102.2811 -14.8413 4
137.6762 99.1611 -14.8413 4
134.4562 95.5811 -14.8413 4
131.9172 91.6111 -14.8413 4
128.0162 84.7201 -14.8413 4
122.2662 74.4111 -14.8413 4
118.2062 67.7411 -14.8413 4
115.0862 62.6211 -14.8413 4
112.4862 59.3211 -14.8413 4
109.5362 56.2011 -14.8413 4
106.2862 53.6311 -14.8413 4
102.8062 51.6011 -14.8413 4
98.866199999999 50.0211 -14.8413 4
94.7562 48.9011 -14.8413 4
90.6672 48.3611 -14.8413 4
84.616199999999 48.2911 -14.8413 4
72.9262 48.2601 -14.8413 4
61.1462 48.2601 -14.8413 4
49.2862 48.2511 -14.8413 4
37.566199999999 48.2811 -14.8413 4
29.5962 48.2811 -14.8413 4
23.656199999999 48.3411 -14.8413 4
19.446199999999 48.5811 -14.8413 4
15.2662 49.0611 -14.8413 4
11.156199999999 49.7911 -14.8413 4
7.1261999999997 50.7711 -14.8413 4
3.0861999999997 52.0011 -14.8413 4
-0.82380000000012 53.4211 -14.8413 4
-4.6738000000005 55.0311 -14.8413 4
-8.4438 56.9311 -14.8413 4
-13.7038 59.9511 -14.8413 4
-20.4938 63.8011 -14.8413 4
-30.7938 69.6611 -14.8413 4
-37.5238 73.5101 -14.8413 4
-44.393800000001 77.4111 -14.8413 4
-51.143800000001 81.4411 -14.8413 4
-58.0238 85.3611 -14.8413 4
-64.7438 89.3011 -14.8413 4
-68.2838 91.4811 -14.8413 4
-71.7938 93.9211 -14.8413 4
-76.6038 98.0511 -14.8413 4
-79.633800000001 100.9011 -14.8413 4
-82.7138 103.6211 -14.8414 4
-85.7538 106.2111 -14.8414 4
-88.8538 108.6511 -14.8431 4
-92.0738 110.7711 -14.8453 4
-95.2138 113.2411 -14.837 4
-98.3638 116.0411 -14.816 4
-101.6038 118.9611 -14.7848 4
-105.8138 123.5711 -14.7848 4
-109.6438 128.4411 -14.7848 4
-113.0138 133.9011 -14.7848 4
-115.8438 139.4211 -14.7848 4
-117.5938 143.2011 -14.7848 4
-119.5738 149.1511 -14.7848 4
-123.3328 162.5611 -14.7848 4
-127.3538 177.7411 -14.7848 4
-129.5828 185.6711 -14.7848 4
-131.2438 189.9911 -14.7848 4
-132.9438 193.9911 -14.7848 4
-134.8838 198.1011 -14.7848 4
-139.7138 206.7911 -14.7848 4
-151.6838 227.0511 -14.7848 4
-169.2038 257.6511 -14.7848 4
-179.2438 274.7911 -14.7848 4
-183.1338 281.6611 -14.7848 4
-185.0438 285.3111 -14.7848 4
-186.3238 289.4701 -14.7848 4
-192.4338 312.2201 -14.7848 4
-194.3838 319.7511 -14.7848 4
-196.0538 324.2411 -14.7848 4
-198.0738 328.4811 -14.7848 4
-200.7838 332.4811 -14.7848 4
-203.8838 336.1411 -14.7848 4
-206.6638 339.1211 -14.7848 4
-209.0438 342.6011 -14.7848 4
-210.7238 346.4811 -14.7848 4
-211.9738 350.3811 -14.7848 4
-216.1438 365.6211 -14.7848 4
-219.2938 377.1311 -14.7848 4
-221.5638 385.0611 -14.7848 4
-222.9838 389.1211 -14.7848 4
-224.7438 393.3211 -14.7848 4
-226.7438 397.3311 -14.7848 4
-229.8938 402.5611 -14.7848 4
-235.8538 412.7311 -14.7848 4
-241.8738 423.3011 -14.7848 4
-259.9838 454.9611 -14.785 5
-277.3838 484.7411 -14.7848 4
-281.3138 490.1611 -14.7848 4
-285.7438 495.1111 -14.7848 4
-289.9538 499.2201 -14.7848 4
-295.3838 505.0011 -14.7848 4
-303.7638 513.5411 -14.7848 4
-312.1938 521.6511 -14.7157 4
-320.5538 530.0101 -14.0995 4
-328.8238 538.2201 -12.881 4
-337.1938 546.7311 -11.2863 4
-345.5538 554.9911 -10.2572 4
-355.2238 564.7511 -9.84146 4
-358.1238 567.9511 -9.84146 4
-360.7338 571.2311 -9.84146 4
-363.1838 574.7411 -9.84146 4
-375.1738 595.3411 -9.84146 4
-385.0238 612.2711 -9.84146 4
-394.7938 629.4611 -9.84146 4
-402.5638 643.0311 -9.84146 4
-408.4838 653.1611 -9.84146 4
-413.5038 661.8011 -9.84146 4
-416.3138 667.5101 -9.84146 4
-418.4138 673.3411 -9.84146 4
-420.6438 680.9111 -9.87368 4
-423.0828 687.8511 -9.90225 4
-426.0238 695.0711 -9.89785 4
-428.2438 702.4611 -9.89792 4
-433.3738 721.4011 -9.89792 4
-438.4538 740.4511 -9.89792 4
-440.5138 747.9111 -9.89792 4
-443.6038 759.3811 -9.89792 4
-445.5828 767.1011 -9.89792 4
-446.3038 771.3011 -9.89792 4
-446.7338 775.5211 -9.89792 4
-446.8738 777.6111 -9.89792 4
-446.9038 779.6611 -9.89792 4
-446.9038 781.5911 -9.89792 4
-446.9238 813.7601 -9.86176 5
-446.8838 844.9411 -9.89328 4
-446.9438 860.4701 -9.20578 4
-446.9838 872.2311 -7.97043 4
-446.8328 883.9111 -6.33718 4
-446.9938 911.2411 -2.50229 4
-446.9938 930.9411 -0.782568 4
-446.9238 938.8011 -0.5781 4
-446.7438 945.0711 -0.5781 4
-446.3238 949.2111 -0.5781 4
-445.8938 951.2011 -0.5781 4
-445.3328 953.2111 -0.5781 4
-437.2238 983.9701 -0.5781 4
-431.1738 1006.7811 -0.5781 4
-425.1038 1029.6611 -0.5781 4
-420.9938 1044.8311 -0.5781 4
-416.9238 1059.8711 -0.5781 4
-411.8638 1079.0211 -0.5781 4
-410.0938 1087.6211 -0.5781 4
-409.4438 1094.2511 -0.5781 4
-409.2638 1098.6911 -0.578205 4
-409.4338 1106.0011 -0.573078 4
-409.9738 1113.7811 -0.572346 4
-410.2838 1117.7111 -0.57259 4
-410.3838 1121.6311 -0.57259 4
-410.3638 1125.6711 -0.572556 4
-410.4438 1129.7201 -0.572556 4
-410.3838 1137.6511 -0.572556 4
-410.3938 1149.5711 -0.572556 4
-410.3138 1162.4911 -0.536093 0
-410.4338 1170.2911 -0.536093 0
-410.4638 1179.1111 -0.536093 0
-410.3938 1188.5101 -0.572556 4
-410.4438 1212.0611 -0.572556 4
-410.4638 1220.0711 -0.575354 4
-410.3838 1227.7711 -0.780676 4
-410.4838 1239.7511 -1.62198 4
-410.3738 1251.1811 -3.02653 4
-410.4738 1270.9311 -5.8014 4
-410.5138 1294.3011 -8.86606 4
-410.5138 1313.7311 -9.88877 4
-410.3538 1347.6611 -9.892 5
-410.3038 1377.0811 -9.89243 4
-410.4738 1392.5711 -9.89243 4
-410.4638 1408.3511 -9.89243 4
-410.4038 1424.1111 -9.89243 4
-410.5238 1439.8011 -9.89243 4
-410.7038 1444.1711 -9.89243 4
-411.0828 1448.5811 -9.89243 4
-411.6538 1453.0611 -9.89243 4
-412.6038 1457.3611 -9.89243 4
-413.7938 1461.6211 -9.89243 4
-415.1838 1465.8811 -9.89243 4
-416.7138 1469.9811 -9.89243 4
-418.5338 1474.0211 -9.89243 4
-420.6038 1477.9111 -9.89243 4
-426.5938 1488.0211 -9.89243 4
-430.5738 1494.9701 -9.89243 4
-436.4538 1505.1611 -9.89243 4
-439.3438 1510.6311 -9.89243 4
-441.1138 1514.4211 -9.89243 4
-442.5338 1518.5101 -9.89243 4
-443.7038 1522.4611 -9.89243 4
-444.6838 1526.6611 -9.89243 4
-445.4638 1530.6011 -9.89243 4
-445.8538 1534.7311 -9.89243 4
-446.0238 1539.0711 -9.89243 4
-446.1038 1545.0101 -9.89243 4
-446.0538 1552.9411 -9.89243 4
-446.0938 1564.8711 -9.89243 4
-446.0638 1572.5411 -9.89243 4
-445.9738 1582.2511 -9.89643 4
-445.8328 1591.3711 -9.89863 4
-445.5338 1599.0511 -9.89814 4
-445.3838 1607.0101 -9.89814 4
-445.3538 1614.7811 -9.89811 4
-445.2738 1622.6011 -9.6923 4
-445.1938 1634.4511 -8.8671 4
-445.2738 1650.0711 -6.89615 4
-445.2738 1662.0411 -5.63517 4
-445.2738 1673.7511 -5.02481 4
-445.3738 1682.1211 -4.95475 4
-445.7938 1686.5411 -4.95475 4
-446.5238 1690.9811 -4.95475 4
-448.0238 1697.4211 -4.95475 4
-450.9938 1708.7911 -4.95475 4
-455.1038 1723.9511 -4.95475 4
-464.1538 1757.3311 -4.8808 5
-472.4138 1788.5411 -4.95475 4
-475.5638 1799.8511 -4.95475 4
-478.5938 1811.2911 -4.95475 4
-481.0338 1821.0311 -4.95475 4
-481.9538 1825.0711 -4.95475 4
-482.5238 1829.2411 -4.95475 4
-482.8438 1833.3511 -4.95475 4
-482.9638 1837.5711 -4.95475 4
-482.8938 1849.3311 -4.95475 4
-482.7938 1861.1611 -4.95475 4
-482.8438 1869.0711 -4.95488 4
-482.8438 1873.9811 -4.9522 4
-482.7938 1879.2811 -4.95 4
-482.6438 1883.8911 -4.94878 4
-482.4338 1887.8111 -4.94878 4
-481.9738 1895.5511 -4.94902 4
-481.8738 1899.5811 -4.94902 4
-481.9438 1903.7511 -4.94907 4
-481.9538 1923.2011 -4.94907 4
-481.9538 1950.7411 -4.94907 4
-482.0538 1966.4311 -4.94907 4
-481.6838 1972.6811 -4.94907 4
-481.2638 1976.8211 -4.94907 4
-480.5238 1980.9211 -4.94907 4
-479.5238 1984.9611 -4.94907 4
-477.3938 1992.6111 -4.94907 4
-473.3938 2007.7811 -4.94907 4
-469.3538 2022.9911 -5.1605 4
-465.2638 2038.2311 -6.40928 4
-460.2038 2057.0311 -9.07635 4
-457.2138 2068.3111 -10.7155 4
-454.2838 2079.6911 -12.3579 4
-451.0828 2091.0811 -13.591 4
-448.9638 2098.5811 -14.0639 4
-447.0828 2105.9311 -14.2649 4
-439.3038 2134.8511 -14.1937 5
-430.7638 2166.9911 -14.269 4
-430.0828 2169.0111 -14.269 4
-427.5438 2174.7311 -14.269 4
-425.4438 2178.3911 -14.269 4
-421.6738 2183.5011 -14.269 4
-417.5638 2188.1811 -14.269 4
-414.6738 2191.1011 -14.269 4
-411.5638 2193.8011 -14.269 4
-402.9938 2199.9311 -14.269 4
-391.0038 2206.7811 -14.269 4
-373.9838 2216.7711 -14.269 4
-366.4638 2220.5311 -14.269 4
-362.5938 2222.1211 -14.269 4
-358.5938 2223.3811 -14.269 4
-349.0438 2226.0211 -14.269 4
-326.2338 2232.0611 -14.269 4
-303.3638 2238.1211 -14.269 4
-289.7238 2241.5511 -14.269 4
-287.6438 2241.8811 -14.269 4
-281.3538 2242.4611 -14.269 4
-273.1138 2242.5911 -14.269 4
-265.3138 2242.4711 -14.269 4
-245.7538 2242.5811 -14.2692 4
-242.1638 2242.7211 -14.2748 4
-238.4638 2242.9111 -14.2748 4
-234.4538 2243.4611 -14.2748 4
-230.3738 2244.3611 -14.2748 4
-226.3328 2245.3811 -14.2748 4
-222.5438 2246.6711 -14.2748 4
-218.6238 2247.5711 -14.2748 4
-214.8438 2248.1411 -14.2748 4
-211.1138 2248.4011 -14.2748 4
-207.1438 2248.6111 -14.273 4
-191.4938 2248.7011 -13.5875 4
-167.8738 2248.6411 -10.6973 4
-140.5638 2248.5711 -6.85963 4
-121.2838 2248.5911 -4.14919 4
-101.7038 2248.5911 -1.60624 4
-85.933800000001 2248.4911 -0.647497 4
-50.5828 2248.4211 -0.54187 5
-19.133800000001 2248.4111 -0.578161 4
-15.0238 2248.2511 -0.578161 4
-10.8138 2247.6111 -0.578161 4
-5.7838000000002 2245.9111 -0.578161 4
-1.0938000000006 2244.1311 -0.578161 4
4.7262000000001 2241.3811 -0.578161 4
10.1762 2238.1311 -0.578161 4
15.2662 2234.4611 -0.578161 4
21.4562 2228.8611 -0.578161 4
26.9662 2222.5711 -0.578161 4
31.8062 2215.6911 -0.578161 4
33.816199999999 2212.1211 -0.578161 4
36.6362 2206.4911 -0.578161 4
38.8862 2200.6411 -0.578161 4
40.0762 2196.4711 -0.580847 4
44.2462 2181.2911 -1.28007 4
48.106199999999 2166.1711 -3.06327 4
51.1862 2154.7111 -4.50443 4
55.2562 2139.5611 -5.45341 4
59.5062 2124.4611 -5.52152 4
64.3762 2105.5111 -5.52152 4
66.9262 2097.7111 -5.42277 4
69.9172 2090.6411 -5.14225 4
71.6672 2087.1811 -4.9069 4
73.4762 2083.7411 -4.66276 4
75.156199999999 2080.1611 -4.46183 4
78.2562 2072.9111 -4.15788 4
80.4662 2066.7911 -4.02939 4
82.5962 2060.4411 -4.02939 4
85.236199999999 2054.4411 -4.02939 4
87.3362 2050.3411 -4.02939 4
91.0062 2044.8611 -4.02939 4
94.9962 2039.4811 -4.02939 4
99.4262 2034.6011 -4.02939 4
104.4562 2030.2011 -4.02939 4
109.7062 2026.0911 -4.02939 4
115.3462 2022.6311 -4.02939 4
122.1762 2018.6511 -4.02939 4
135.7762 2010.8111 -4.02939 4
144.3262 2005.7511 -4.02939 4
147.7262 2003.1911 -4.02939 4
150.6562 2000.2311 -4.02939 4
154.2262 1995.0411 -4.02939 4
156.8662 1989.4611 -4.02939 4
158.4462 1983.6011 -4.02939 4
160.5562 1975.9511 -4.02939 4
165.6262 1957.0011 -4.02939 4
168.6562 1945.6211 -4.02939 4
173.6862 1926.6711 -4.02939 4
175.4662 1918.4011 -4.02939 4
176.1162 1912.1811 -4.02939 4
176.1062 1907.9611 -4.02939 4
176.2262 1884.4011 -4.02939 4
176.0562 1864.7811 -4.02939 4
176.1262 1833.3111 -4.02939 4
176.1862 1817.5911 -4.02939 4
176.1862 1781.8011 -4.029 5
176.2162 1750.8011 -4.02939 4
175.9562 1744.5311 -4.02939 4
175.4562 1740.4311 -4.02939 4
174.7962 1736.2811 -4.02939 4
173.8362 1732.1311 -4.02939 4
170.6562 1720.7011 -4.02939 4
167.5762 1709.3011 -4.02939 4
164.5062 1697.3611 -4.02939 4
163.5662 1690.7811 -4.02939 4
163.0862 1682.1111 -4.02939 4
162.8762 1666.3811 -4.02939 4
162.8262 1646.6111 -4.02939 4
162.8262 1623.0711 -4.02939 4
163.1672 1607.3511 -4.02939 4
163.0562 1591.6011 -4.02939 4
163.0362 1575.8111 -4.02939 4
163.0162 1552.2511 -4.02939 4
163.0062 1536.4511 -4.02939 4
162.9762 1524.8711 -4.02939 4
162.9062 1520.8211 -4.10089 4
162.6672 1516.9411 -4.3028 4
162.2662 1512.9701 -4.70343 4
161.8662 1509.0911 -5.11066 4
161.6762 1505.4911 -5.33088 4
161.6262 1501.7311 -5.44639 4
161.8562 1497.2201 -5.44639 4
162.5262 1490.4611 -5.44639 4
163.7862 1483.9811 -5.44639 4
166.2462 1474.3511 -5.44638 4
170.3162 1459.0911 -5.44638 4
172.4362 1451.5011 -5.44638 4
173.4462 1447.5101 -5.44638 4
174.0562 1443.4611 -5.44638 4
174.6162 1439.2111 -5.44638 4
174.8162 1434.9911 -5.44638 4
174.9562 1399.7511 -5.446 5
174.8162 1370.0011 -5.44638 4
174.8162 1354.3711 -5.44638 4
174.8362 1338.5011 -5.44638 4
174.5162 1334.3611 -5.44638 4
173.6862 1330.3811 -5.44638 4
171.8162 1324.2311 -5.44638 4
169.4862 1318.6211 -5.44638 4
165.3862 1311.2811 -5.44638 4
161.8262 1306.0211 -5.44638 4
156.4862 1299.6511 -5.44638 4
151.9362 1295.3011 -5.44638 4
147.1362 1291.4511 -5.44638 4
140.1362 1286.8011 -5.44638 4
136.0962 1284.1011 -5.35481 4
125.1262 1276.4811 -4.6678 4
118.7462 1271.8811 -4.13948 4
111.9862 1267.6611 -3.90336 4
105.2462 1263.7811 -3.90336 4
94.9562 1257.7011 -3.90336 4
84.6672 1252.0101 -3.90336 4
79.0962 1248.2911 -3.90336 4
73.7262 1244.3911 -3.90336 4
69.0162 1239.7811 -3.90336 4
64.3262 1235.0211 -3.90336 4
60.3962 1229.6911 -3.90336 4
56.8962 1224.0611 -3.90336 4
53.736199999999 1218.0511 -3.90336 4
51.3262 1211.8911 -3.90336 4
49.4662 1205.5311 -3.90336 4
48.0362 1199.0311 -4.00203 4
47.116199999999 1192.3311 -4.00203 4
46.8262 1181.9511 -4.00203 4
46.8862 1173.9411 -4.00203 4
49.8062 1165.1311 -4.00203 4
54.1762 1153.6311 -4.00203 4
57.2662 1147.6011 -4.00203 4
61.906199999999 1140.1311 -4.00227 4
68.9962 1131.8011 -3.90281 4
74.6362 1126.7201 -3.75266 4
77.866199999999 1124.1911 -3.55759 4
80.986199999999 1122.0101 -3.29832 4
84.106199999999 1120.0311 -2.97092 4
87.3262 1118.2811 -2.57322 4
90.606199999999 1116.6211 -2.103 4
94.0762 1115.1311 -1.53098 4
97.5562 1113.8011 -0.908913 4
101.0462 1112.6511 -0.275871 4
104.4362 1111.7011 0.341805 4
107.8062 1110.9811 0.96534 4
111.1362 1110.3611 1.59986 4
114.4172 1109.9211 2.24122 4
117.5962 1109.6611 2.88111 4
124.4462 1109.4411 4.26051 4
132.3362 1109.4911 5.8379 4
136.3262 1109.5311 6.59457 4
144.1962 1109.4911 7.96151 4
152.0562 1109.5011 9.23104 4
157.2262 1109.4911 10.0577 0
163.6062 1109.5101 10.9632 0
175.7062 1109.4011 12.7099 0
220.2362 1108.8111 19.619 0
241.1062 1108.7411 22.716 0
266.1862 1108.6811 26.1981 0
279.3262 1108.7411 27.8493 0
295.0462 1108.7011 29.7985 0
310.7262 1108.7711 31.5493 0
320.9962 1108.7201 32.581 0
331.6962 1108.5511 33.5541 0
344.7862 1108.5311 34.5793 0
365.5162 1108.5011 35.883 0
376.3362 1108.5211 36.4013 0
387.0962 1108.6211 36.9151 0
399.9762 1108.8311 37.3922 0
412.6062 1108.9111 37.761 0
433.9362 1109.0711 38.0274 0
447.1262 1109.1311 38.1817 0
460.2762 1109.1611 38.2637 0
470.7862 1109.1211 38.2891 0
483.9962 1109.1311 38.275 0
494.2362 1109.2511 38.2376 0
502.1362 1109.1211 38.199 0
512.6762 1109.1411 38.1339 0
523.1862 1109.1211 38.0489 0
533.6962 1109.1211 37.9671 0
544.2362 1109.1511 37.8609 0
560.0262 1109.1011 37.699 0
570.6062 1109.1111 37.5914 0
578.4762 1109.1311 37.5247 0
586.3662 1109.2111 37.4537 0
596.8862 1109.0811 37.3592 0
604.7662 1109.0011 37.2952 0
612.6672 1109.0011 37.2366 0
623.2262 1109.0411 37.1612 0
633.7762 1109.0311 37.0901 0
641.6672 1109.0711 37.0511 0
652.2162 1109.0911 36.96 0
660.0462 1109.0101 36.7881 0
668.0062 1109.0611 36.6165 0
678.4962 1108.9811 36.4605 0
686.3462 1108.9411 36.3214 0
696.9262 1109.0311 36.1089 0
712.7362 1109.0611 35.7559 0
725.6162 1109.0511 35.5086 0
736.3762 1109.0211 35.2354 0
744.2762 1109.1211 35.0814 0
752.1672 1109.1211 34.9617 0
760.0562 1109.0511 34.942 0
767.4362 1109.0311 34.8682 0
776.6672 1109.0711 34.7149 0
789.5462 1109.1211 34.6004 0
799.5062 1109.1711 34.4219 0
807.9462 1109.1511 34.3387 0
820.5662 1109.1911 34.2149 0
828.4962 1109.1511 34.1558 0
836.9262 1109.1611 34.0977 0
846.8862 1109.1211 34.0189 0
868.5262 1109.0811 33.8814 0
887.0662 1109.1411 33.8482 0
900.1062 1109.2111 33.8001 0
910.1562 1109.1611 33.8138 0
918.6262 1109.0611 33.8871 0
923.4562 1108.7811 34.1249 0
930.9462 1108.5011 34.493 0
943.7162 1108.3011 35.0516 0
950.4462 1108.5811 35.1805 0
957.1762 1109.2811 35.3092 0
963.7962 1110.8111 35.5167 0
970.2462 1112.4411 35.7171 0
983.0662 1116.9911 35.7643 0
988.6562 1119.3211 35.9806 0
994.2162 1121.5511 36.0077 0
999.3862 1123.2011 35.9713 0
1008.6062 1126.1111 36.0624 0
1025.7162 1131.7201 36.3009 0
1033.6562 1134.2011 36.5099 0
1039.0762 1135.8211 36.6337 0
1045.7462 1137.7711 36.8822 0
1050.3262 1139.0611 37.0687 0
1057.4962 1140.9411 37.4413 0
1067.2662 1143.3211 38.0453 0
1076.8862 1145.7411 38.5561 0
1084.2762 1147.6011 38.8793 0
1093.9862 1150.2011 39.2768 0
1106.1562 1153.6311 39.7765 0
1113.8962 1155.9311 40.1012 0
1115.6062 1156.4611 40.1576 0
1117.9962 1157.2411 40.237 0
1125.7362 1159.6811 40.4916 0
1127.7062 1160.3611 40.5255 0
1137.1862 1163.7911 40.6845 0
1144.8262 1166.8211 40.7265 0
1151.4362 1169.7201 40.7333 0
1156.9162 1172.1511 40.7257 0
1165.7062 1176.4311 40.7067 0
1172.1862 1180.6611 40.6748 0
1178.4562 1185.1111 40.5625 0
1187.4862 1191.9911 40.2649 0
1193.3462 1196.5211 39.9702 0
1199.0862 1200.8511 39.5869 0
1205.1362 1204.9511 39.0784 0
1212.8362 1209.7111 38.4751 0
1219.0662 1212.6911 37.9917 0
1224.0162 1214.8511 37.5654 0
1228.9862 1216.8211 37.0723 0
1233.8962 1218.3211 36.5742 0
1240.7262 1219.9111 35.8452 0
1247.7662 1220.9311 35.0293 0
1255.0762 1221.4911 34.0669 0
1262.3262 1221.9611 33.034 0
1269.6262 1222.1311 32.1724 0
1276.9862 1222.2811 31.5921 0
1284.4262 1222.2811 31.3218 0
1302.0062 1222.2911 31.1782 0
1317.9262 1222.2601 31.1782 0
1332.2862 1222.2601 31.1782 0
1337.0662 1222.2601 31.1782 0
1344.9962 1222.2601 31.1782 0
1359.3462 1222.2711 31.1782 0
1370.4862 1222.2601 31.1782 0
1383.2362 1222.3111 31.1782 0
1402.3662 1222.3011 31.3335 0
1416.7462 1222.2811 31.1782 0
1435.9562 1222.2411 31.1782 0
1458.3062 1222.3111 31.1782 0
1474.2662 1222.3011 31.1782 1
1498.1762 1222.3311 31.1782 0
1509.3162 1222.2711 31.1782 0
1526.8062 1222.3011 31.1782 0
1545.9462 1222.2711 31.1782 0
1561.3362 1222.3411 31.4266 0
1576.3562 1222.3211 31.9937 0
1584.6862 1222.2601 32.3941 0
1596.3662 1222.2411 33.9603 0
1617.9662 1222.2711 36.1802 0
1628.2762 1222.2711 36.1542 0
1663.3262 1222.2201 36.1542 0
1693.5962 1222.2911 36.1542 0
1722.2762 1222.2811 36.1542 1
1736.6362 1222.2511 36.1542 0
1758.4062 1222.2311 36.1544 0
1774.3662 1222.2111 36.1544 0
1787.1062 1222.2311 36.1544 0
1796.6262 1222.2201 36.2714 0
1811.0162 1222.2711 36.2714 0
1838.1162 1222.2311 36.2714 0
1862.0062 1222.3111 36.2714 0
1884.0362 1222.1811 36.2714 0
1896.7762 1222.3011 36.2714 0
1917.5262 1222.3611 36.2714 0
1938.2362 1222.3411 36.2714 0
1955.6362 1222.3111 36.2714 0
1970.4362 1222.0611 36.15 0
2007.0862 1222.0911 35.0394 0
2043.8862 1222.1411 33.9247 0
2068.3662 1222.1311 33.1832 0
2092.9362 1222.0511 32.4388 0
2105.1262 1222.0611 32.0697 0
2117.4162 1222.1111 31.6976 0
2123.5162 1222.0911 31.5094 0
2132.5362 1222.1011 30.8407 0
2141.4862 1222.0411 30.1756 0
2150.2662 1221.8311 29.5218 0
2158.8162 1221.4411 28.8846 0
2167.2662 1220.8311 28.255 0
2175.3862 1219.9111 27.6485 0
2183.0962 1218.6711 27.0731 0
2190.4462 1216.9511 26.523 0
2197.3762 1214.8911 26.0072 0
2203.7562 1212.3611 25.5338 0
2209.6462 1209.2011 25.0975 0
2214.9362 1205.5611 24.7135 0
2219.7962 1201.1111 24.3792 0
2226.4062 1194.5311 23.7704 0
2233.1662 1187.8011 23.1561 0
2239.9562 1181.1011 22.5404 0
2246.6162 1174.3411 21.9286 0
2253.3962 1167.6611 21.3146 0
2256.7762 1164.2811 21.0743 0
2260.0962 1160.9411 20.9195 0
2263.6362 1157.4811 20.8561 0
2267.8862 1153.8811 20.8673 0
2272.0662 1150.5311 20.867 0
2276.2162 1147.5101 20.867 0
2280.3262 1144.8511 20.8673 0
2284.5362 1142.4701 20.867 0
2288.5762 1140.3711 20.867 0
2292.7062 1138.5411 20.867 0
2296.7662 1137.0611 20.867 0
2300.9362 1135.9011 20.867 0
2304.9962 1135.0011 20.867 0
2309.0462 1134.4511 20.867 0
2313.1362 1134.2111 20.8155 0
2317.0362 1134.3411 20.7018 0
2321.1262 1134.6911 20.5641 0
2325.2662 1135.3511 20.4454 0
2329.5262 1136.2911 20.3959 0
2333.8062 1137.5611 20.3956 0
2338.0862 1139.0911 20.3959 0
2342.3162 1140.9811 20.3959 0
2346.4162 1143.2601 20.3959 0
2350.4362 1145.9211 20.3959 0
2354.1262 1149.0011 20.3959 0
2357.6162 1152.4911 20.3959 0
2360.7062 1156.4511 20.3959 0
2363.3062 1160.9611 20.3959 0
2365.3762 1165.6211 20.3959 0
2367.0562 1170.8011 20.3959 0
2368.3762 1176.1611 20.3959 0
2369.3562 1181.9911 20.3959 0
2370.1462 1187.9811 20.3959 0
2370.7762 1194.3411 20.3959 0
2371.3262 1200.8411 20.3959 0
2371.5762 1207.6211 20.3959 0
2371.6662 1214.6011 20.3959 0
2371.6462 1221.6811 20.3959 0
2371.6062 1228.9411 20.3959 0
2371.5562 1236.2911 20.3959 0
2371.5262 1243.6511 20.1355 0
2371.7462 1251.0211 19.9628 0
2371.8262 1260.1711 19.7169 0
2371.8062 1269.3511 19.7046 0
2371.8462 1278.6111 19.7169 0
2371.8362 1287.8511 19.7169 0
2371.8262 1295.8411 19.7046 1
2371.8262 1306.3011 19.7416 0
2371.8962 1315.5711 19.7046 0
2371.8462 1324.6811 19.6923 0
2371.8962 1333.9701 19.7325 0
2371.8762 1343.1511 19.7063 0
2371.8462 1352.4111 19.7063 0
2371.6462 1361.5911 19.9589 0
2371.4362 1371.2411 20.1332 0
2370.6662 1375.8211 20.3947 0
2369.4262 1380.6511 20.3952 0
2367.9462 1385.1211 20.3957 0
2366.1462 1389.6811 20.3957 0
2363.8662 1394.1311 20.3957 0
2361.5562 1398.7011 20.3957 0
2358.9662 1403.2011 20.3957 0
2355.8962 1407.8311 20.3957 0
2352.4562 1412.2601 20.3957 0
2348.8362 1416.8911 20.3957 0
2344.8562 1421.4911 20.3957 0
2340.5462 1426.1011 20.3957 0
2335.8162 1430.7201 20.3957 0
2330.4762 1435.3411 20.3957 0
2324.4862 1439.7811 20.3957 0
2318.0962 1444.3011 20.3957 0
2311.1562 1448.6711 20.3957 0
2303.9462 1453.1211 20.3957 0
2296.4162 1457.5311 20.3957 0
2288.9062 1461.9511 20.3957 0
2281.3062 1466.4511 20.3957 0
2273.8262 1470.9011 20.3957 0
2266.4462 1475.6811 20.3957 0
2259.3662 1480.4611 20.3957 0
2252.7862 1485.3711 20.3957 0
2246.4762 1490.4611 20.3957 0
2240.5362 1495.7711 20.3957 0
2234.7562 1501.1811 20.3957 0
2229.1362 1506.5811 20.3957 0
2223.6262 1512.1711 20.3957 0
2218.2562 1517.8111 20.3957 0
2212.9562 1523.6311 20.3957 0
2207.7262 1529.6311 20.3957 0
2202.5962 1535.7311 20.3957 0
2197.4762 1541.9411 20.3957 0
2192.2962 1548.3711 20.3957 0
2187.0562 1555.0211 20.3957 0
2181.9362 1561.7811 20.3957 0
2176.6462 1568.8211 20.3957 0
2171.4862 1576.0311 20.3823 0
2166.5162 1583.6711 20.3464 0
2161.6262 1591.6011 20.2951 0
2156.7662 1599.8611 20.2346 0
2152.0062 1608.2911 20.1723 0
2147.1262 1616.8211 20.1142 0
2142.2062 1625.5511 20.0668 0
2137.2762 1634.2311 20.038 0
2132.1062 1642.9911 20.0397 0
2122.4362 1660.5811 20.1901 0
2112.4262 1678.2201 20.5692 0
2102.0362 1695.6011 21.1884 0
2091.1062 1712.8811 22.0124 0
2085.3562 1721.2111 22.4689 0
2079.3462 1729.5811 22.956 0
2066.5162 1745.6211 23.9713 0
2052.6662 1760.7111 24.9906 0
2037.5762 1774.5611 25.954 0
2021.1362 1787.1711 26.817 0
2003.1962 1798.3911 27.6347 0
1984.1362 1808.0511 28.4064 0
1974.6462 1812.1511 28.7641 0
1952.6862 1819.1011 29.0993 0
1937.2862 1823.7711 29.435 0
1923.6962 1827.6911 29.6569 0
1902.4062 1833.3511 29.871 0
1878.9862 1838.9611 29.903 0
1861.3062 1843.0111 29.7743 0
1831.5362 1849.1211 29.6786 0
1819.0962 1851.4911 29.525 0
1807.1162 1853.7211 29.3978 0
1795.6862 1855.6511 29.2823 0
1784.5762 1857.4211 29.1544 0
1774.3962 1858.9811 29.0316 0
1763.3862 1860.4311 28.9034 0
1752.8962 1861.7611 28.796 0
1742.5762 1863.1511 28.715 0
1732.1462 1864.4511 28.6688 0
1721.7062 1865.8911 28.6669 0
1711.2162 1867.2011 28.7045 0
1700.8062 1868.7211 28.7684 0
1690.4262 1869.9911 28.8466 0
1680.1062 1871.1811 28.9257 0
1670.0262 1872.1611 28.993 0
1660.0062 1872.9011 29.0363 0
1648.8662 1873.5811 28.8092 0
1638.7262 1874.0911 28.828 0
1628.6762 1874.3211 28.8385 0
1620.5862 1874.3511 28.8388 0
1612.5162 1874.1511 28.8317 0
1604.3862 1873.8011 28.8151 0
1598.2962 1873.3611 28.7965 0
1590.2662 1872.7111 28.7607 0
1584.1762 1872.1311 28.7218 0
1576.1762 1871.1611 28.6596 0
1570.1962 1870.2811 28.6078 0
1566.1562 1869.7011 28.571 0
1544.2562 1865.3411 28.37 0
1538.4762 1863.7811 28.3256 0
1532.4962 1862.0211 28.2878 0
1526.7162 1860.0311 28.2582 0
1522.6962 1858.5511 28.2409 0
1516.9362 1856.3411 28.2199 0
1513.1662 1854.6911 28.2086 0
1507.5662 1852.0811 28.1952 0
1500.1962 1848.1311 28.1835 0
1494.9362 1844.7011 28.1789 0
1490.1162 1841.2711 28.4323 0
1484.3362 1836.3711 28.4333 0
1479.0562 1830.9211 28.4211 0
1473.9962 1825.0011 28.3908 0
1469.4262 1818.5711 28.36 0
1465.3262 1811.8811 28.3461 0
1461.6862 1804.6711 28.3661 0
1458.9462 1797.1311 28.4357 0
1456.8562 1789.3111 28.5741 0
1455.8262 1780.7311 28.7355 0
1455.5762 1771.6511 28.8837 0
1455.9962 1762.2911 29.0622 0
1457.0462 1752.7201 29.3185 0
1458.4962 1743.5011 29.6864 0
1460.3262 1734.7311 30.2196 0
1462.0162 1728.7601 30.7724 0
1464.2962 1721.3111 31.7104 0
1465.7462 1715.6711 32.6549 0
1467.2362 1709.4311 33.882 0
1468.1662 1703.7811 35.1479 0
1468.9262 1698.5311 36.4345 0
1469.4662 1692.9511 37.8847 0
1470.1062 1678.3511 41.9308 0
1470.1062 1668.3511 44.528 0
1470.0162 1656.8011 46.4347 0
1470.0562 1522.3111 46.5751 0
1470.0162 1498.4611 46.5751 0
1470.0462 1488.8511 46.5751 0
1469.9962 1482.4911 46.5751 0
1470.0162 1466.6011 46.5751 0
1470.0162 1447.3811 46.5751 0
1470.0362 1433.0011 46.5751 0
1470.0362 1421.8611 46.5751 0
1469.9962 1408.8411 46.7396 0
1469.9662 1399.6911 46.5743 0
1470.0062 1385.1511 45.8919 0
1470.0162 1376.0311 45.2166 0
1470.0262 1366.9411 44.3668 0
1470.0162 1356.0211 43.1287 0
1470.5962 1348.1911 42.182 0
1471.5662 1342.4411 41.4678 0
1472.8562 1337.0711 40.8133 0
1475.7862 1326.3411 39.6163 0
1478.7962 1315.9701 38.7022 0
1480.9962 1307.3611 38.2281 0
1482.1762 1300.4611 38.1024 0
1482.6962 1295.5411 38.1849 0
1482.7662 1289.2711 38.3762 0
1482.7362 1281.3511 38.3762 0
1482.8462 1270.1411 38.3762 0
1482.7762 1262.1711 38.3762 0
1482.7662 1252.6311 38.3762 0
1482.7462 1239.8411 38.3762 1
1482.7962 1220.7111 38.3762 0
1482.7762 1204.8011 38.3762 0
1482.7762 1192.0101 38.3762 0
1482.7562 1176.1211 38.3762 0
1482.7662 1163.3911 38.3762 0
1482.9562 1100.9811 35.6325 0
1482.8862 1096.3311 35.5946 0
1482.6462 1092.3211 35.5613 0
1482.2562 1089.2511 35.5409 0
1481.4862 1083.4911 35.5017 0
1480.6562 1079.7511 35.4869 0
1479.4962 1075.1311 35.4689 0
1478.1462 1070.5511 35.4691 0
1476.7162 1066.0011 35.4708 0
1474.9562 1061.4811 35.4984 0
1473.1662 1056.9811 35.5336 0
1470.0462 1050.0511 35.7118 0
1466.9962 1043.2511 35.9799 0
1463.8062 1036.4611 36.3356 0
1460.6362 1029.7411 36.7946 0
1456.3162 1020.7711 37.4369 0
1453.0962 1014.0211 37.9188 0
1447.7662 1002.6811 38.6893 0
1443.5062 993.6111 39.3565 0
1438.3162 982.3611 40.2672 0
1432.9862 971.0101 41.0557 0
1426.6562 957.5511 41.5135 0
1422.3962 948.3711 41.5203 0
1415.1162 932.4811 41.4427 0
1409.9462 921.1111 41.4342 0
1406.8862 914.3211 41.4429 0
1403.9062 907.3611 41.4639 0
1400.7562 900.4911 41.4898 0
1398.7362 895.8511 41.5101 0
1396.6662 891.3511 41.5325 0
1394.6562 886.7601 41.5553 0
1392.1962 881.4111 41.5561 0
1390.7362 878.2711 41.5286 0
1389.0162 874.4511 41.4895 0
1386.2262 867.9311 41.4194 0
1383.5362 861.2911 41.2522 0
1380.6062 852.4701 40.6321 0
1378.1962 843.3011 39.8452 0
1377.1962 835.9811 39.1321 0
1376.7462 828.9011 38.5622 0
1376.6862 819.3711 38.1765 0
1376.8362 814.7411 38.0569 0
1376.8962 806.0011 37.7086 0
1376.8962 792.6911 37.52 0
1376.8862 774.2201 37.4955 1
1376.8862 764.2811 37.4327 0
1376.9062 756.4211 37.3771 0
1376.8962 732.0511 37.2336 0
1376.9062 726.9011 37.286 0
1376.8862 723.8411 37.2206 0
1376.8962 722.4911 37.2968 0
1376.7462 721.1611 37.2692 0
1376.3462 719.0511 37.2077 0
1375.7262 716.6111 37.1425 0
1374.8862 714.1511 37.0251 0
1374.0062 711.7311 37.0121 0
1373.0362 709.3111 36.9345 0
1371.9062 707.0311 36.893 0
1370.5762 704.8111 36.8546 0
1369.0862 702.6411 36.8183 0
1365.8162 698.6611 36.7565 0
1363.6962 696.3711 36.7231 0
1361.7262 694.2511 36.6918 0
1359.7162 692.1011 36.6603 0
1357.7162 689.8411 36.6266 0
1355.6762 687.7411 36.5961 0
1353.5662 685.5811 36.5646 0
1350.1762 681.2811 36.4931 0
1347.3262 676.7411 36.4037 0
1345.0662 671.8211 36.2934 0
1343.3462 666.7601 36.1686 0
1342.3462 661.4211 36.0253 0
1341.9662 655.9511 35.8671 0
1341.8962 638.2911 35.3376 0
1341.8362 620.5411 34.8053 0
1341.7762 602.9011 34.2765 0
1341.7562 585.1211 33.7433 0
1341.7862 567.5101 33.2152 0
1341.6862 549.7711 32.6835 0
1341.2862 537.5911 32.024 0
1340.9162 525.4911 31.4346 0
1340.7462 513.3711 30.7491 0
1340.2562 501.1911 29.9952 0
1340.1862 489.0211 29.2125 0
1340.7162 476.8211 28.4307 0
1342.0662 464.7411 27.69 0
1343.9362 452.9511 27.0404 0
1345.9062 441.1011 26.4918 0
1347.7962 429.3311 26.085 0
1348.6862 417.2511 25.8455 0
1348.6362 405.0411 25.8162 0
1348.2562 398.3811 25.8729 0
1347.0862 391.9811 25.9439 0
1345.0762 385.6611 26.0282 0
1342.2862 379.7311 26.119 0
1338.7162 374.1211 26.2169 0
1334.2262 368.8911 26.3182 0
1326.9562 361.8811 26.4859 0
1319.1662 354.9011 26.6998 0
1311.2762 347.8211 26.9427 0
1303.5962 340.9111 27.1964 0
1296.6462 334.0101 27.4371 0
1290.3362 327.2811 27.6583 0
1284.2362 320.4511 27.8507 0
1277.9562 313.8111 28.0164 0
1271.8762 306.9701 28.1304 0
1265.5862 300.3111 28.1981 0
1259.3762 293.5101 28.1998 0
1253.1462 286.8211 28.1768 0
1248.3862 282.2511 28.2723 0
1243.0662 278.6011 28.5516 0
1237.3062 275.3711 28.9263 0
1231.1662 273.1311 29.3057 0
1224.7062 271.8311 29.5997 0
1218.6662 271.3911 29.7076 0
1211.1062 271.3411 29.7168 0
1194.7162 271.3311 29.7168 0
1183.5462 271.3511 29.7168 0
1163.4762 271.3911 29.7168 0
1150.4162 271.3711 29.7168 0
1135.6662 271.3611 29.7168 0
1119.0662 271.3411 29.7168 0
1100.5362 271.3711 29.7168 1
1091.4262 271.3511 29.7168 0
1068.9962 271.2911 29.717 0
1056.4362 271.3211 29.717 0
1041.6862 271.3011 29.717 0
1030.0662 271.3011 29.717 0
1026.0362 271.8311 29.717 0
1021.7762 273.0211 29.6907 0
1016.9562 274.8411 29.6511 0
1012.0562 277.5311 29.5522 0
1007.2262 280.6211 29.3721 0
1002.5962 284.3811 29.0813 0
998.1462 288.7511 28.6494 0
993.8962 293.8411 28.0354 0
991.3162 297.6911 27.5464 0
989.4062 302.0211 27.0051 0
987.8562 306.7811 26.4373 0
986.6762 311.5911 25.918 0
986.0862 316.7911 25.448 0
985.5362 322.1911 25.071 0
985.3062 327.8911 24.822 0
985.2662 333.6311 24.7446 0
985.4362 343.0211 24.8003 0
985.2762 352.1911 24.8835 0
985.3162 361.4811 24.9917 0
985.3762 370.7911 25.1196 0
985.2962 380.1211 25.2612 0
985.3362 389.4611 25.4111 0
985.1762 398.6711 25.5615 0
985.2962 409.3511 25.7312 0
