1248
1028.0162 766.3111 31.624 0
1024.6162 760.6111 31.9493 0
1023.2362 759.1111 32.15 0
1021.8062 757.8611 32.3307 0
1018.8162 755.6211 32.7167 0
1015.9962 753.7911 33.058 0
1012.5462 751.6911 33.453 0
1010.2362 750.4911 33.6942 0
1007.1362 748.9011 33.993 0
1003.4262 747.1411 34.3177 0
999.8562 745.4911 34.5675 0
996.5862 743.9411 34.7594 0
993.0362 742.2811 34.9266 0
989.6672 740.5811 35.027 0
986.0662 738.6011 35.0939 0
982.6562 736.6611 35.1205 0
979.5062 734.6411 35.1178 0
976.3062 732.5311 35.0914 0
973.2862 730.2201 35.046 0
970.5662 728.0511 34.9928 0
967.8262 725.5711 34.9276 0
964.6862 722.6311 34.8495 0
962.2062 720.0011 34.7875 0
959.7262 717.3711 34.7323 0
957.9862 715.4011 34.6959 0
953.5662 707.2711 34.4572 0
952.1762 698.1911 34.0309 0
952.8962 686.6311 33.3805 0
955.2162 676.2201 32.7399 0
955.5962 674.3611 32.6256 0
956.6672 670.7311 32.3976 0
958.7562 663.6111 31.9491 0
959.9062 660.1311 31.7328 0
961.6762 654.8411 31.4069 0
965.2762 644.1711 30.7701 0
968.2262 635.4111 30.2755 0
971.3862 624.8311 29.7386 0
972.6962 619.0811 29.5067 0
974.1062 613.2011 29.2725 0
975.0462 603.6411 29.0444 0
975.0762 602.0311 29.0132 0
975.1062 587.1011 28.8064 0
975.0962 569.6111 28.5559 0
975.2162 546.9311 28.1758 0
975.2162 533.7511 27.9182 0
975.1762 513.3611 27.4319 0
975.1562 487.4011 26.6807 0
975.0962 472.3911 26.375 0
975.1062 444.5211 26.1719 0
975.1262 427.8311 25.9919 0
975.1462 404.7011 25.6289 0
975.0962 379.4411 25.1702 0
975.1262 366.7201 24.95 0
975.0362 351.7201 24.731 0
975.1062 338.0811 24.5798 0
975.1362 319.0211 24.4946 0
975.1762 317.6111 24.5122 0
975.4462 313.7111 24.561 0
976.5262 306.6511 24.483 0
978.0462 301.0411 24.1749 0
979.9962 295.4511 23.8182 0
982.8662 290.3811 23.4645 0
986.4762 285.6111 23.1371 0
990.2562 282.1011 22.9198 0
994.6962 278.9211 22.7621 0
999.8562 276.3311 22.6588 0
1005.6862 274.2011 22.5983 0
1012.3162 272.6511 22.5714 0
1019.7362 271.5711 22.569 0
1028.1962 270.9211 22.5824 0
1037.6262 270.8611 22.6019 0
1045.5962 271.2411 22.6022 0
1053.7862 271.3311 22.6022 0
1064.4662 271.3811 22.6022 0
1072.5362 271.3611 22.6022 0
1118.9862 271.3711 22.6022 1
1128.3962 271.4111 22.6022 0
1149.8262 271.3911 22.6022 0
1171.4962 271.4011 22.6022 0
1210.9762 271.4511 22.6022 0
1226.4362 271.4311 22.6021 0
1234.0262 271.4011 22.6021 0
1239.0462 271.7601 22.5876 0
1243.9062 272.8011 22.5632 0
1248.5962 274.4411 22.5552 0
1253.0062 276.7711 22.5913 0
1257.0762 279.6711 22.6995 0
1260.8262 283.1811 22.9097 0
1267.3062 290.1611 23.3403 0
1273.7462 297.0411 23.6575 0
1280.2962 304.1311 23.8918 0
1286.8662 311.0711 24.0576 0
1293.3062 318.1711 24.1777 0
1299.8762 325.2411 24.2764 0
1306.6662 332.3111 24.3743 0
1314.4062 339.5411 24.4949 0
1322.6062 346.8511 24.6599 0
1330.9362 354.1111 24.8926 0
1338.8262 361.4111 25.2134 0
1346.0062 368.5311 25.4868 0
1349.1062 372.4611 25.6604 0
1351.8862 376.7711 25.9106 0
1354.1362 381.2811 26.1655 0
1355.8562 386.0311 26.3638 0
1356.8362 391.0411 26.4331 0
1357.3462 396.1211 26.3359 0
1357.7062 408.8711 26.0964 0
1357.8862 421.9111 26.2925 0
1356.5662 434.6011 26.8879 0
1354.6862 447.1711 27.9185 0
1352.7962 459.6511 29.0154 0
1350.8462 472.3811 29.856 0
1349.8662 485.2011 30.427 0
1349.8462 498.1511 31.0215 0
1350.0462 511.0311 31.5942 0
1350.2962 523.9811 32.1155 0
1350.4962 536.8411 32.5532 0
1350.5462 549.7011 32.8994 0
1350.6362 567.3911 33.1986 0
1350.7662 585.0611 33.7423 0
1350.7662 602.8611 34.276 0
1350.7962 620.4811 34.8044 0
1350.8662 638.2711 35.3376 0
1350.8762 655.9511 35.8678 0
1351.2362 660.2511 35.9921 0
1352.0362 664.4411 36.1044 0
1353.4362 668.4911 36.2043 0
1355.1262 672.4511 36.2934 0
1357.4662 676.0511 36.3639 0
1360.2062 679.4911 36.4213 0
1362.1662 681.6011 36.4523 0
1364.2462 683.8111 36.485 0
1366.2862 685.9211 36.5155 0
1368.3662 688.1611 36.5485 0
1370.3062 690.3111 36.5805 0
1372.3662 692.4911 36.6122 0
1376.4062 697.3811 36.6881 0
1378.1962 699.9511 36.7338 0
1379.7462 702.6911 36.7782 0
1381.2462 705.5211 36.831 0
1382.5462 708.4211 36.8832 0
1383.7262 711.3211 36.9396 0
1384.6062 714.2511 36.996 0
1385.2962 717.2911 37.0871 0
1385.6062 718.8911 37.154 0
1385.7962 720.4811 37.2121 0
1385.8762 722.1611 37.2714 0
1385.8762 723.7911 37.2483 0
1385.9062 726.0911 37.2078 0
1385.8162 732.1211 37.2502 0
1385.8162 742.4511 37.2899 0
1385.8262 752.8511 37.3565 0
1385.8562 762.7811 37.3698 1
1385.8862 777.5211 37.4468 0
1385.8662 798.0311 37.5394 0
1385.8162 811.5711 37.8837 0
1385.9162 819.1611 38.1745 0
1386.4062 829.6411 38.6784 0
1386.8162 835.0811 39.1318 0
1387.6962 841.4211 39.8437 0
1389.8362 849.5211 40.624 0
1392.6462 857.9701 41.2507 0
1395.0562 864.1411 41.4187 0
1397.8362 870.4311 41.4895 0
1399.6062 874.2511 41.5286 0
1402.4262 880.5211 41.576 0
1406.4962 889.6711 41.5242 0
1410.5762 898.8211 41.481 0
1413.6662 905.6411 41.4559 0
1417.7362 914.7601 41.4373 0
1420.7462 921.6311 41.4285 0
1423.8662 928.4701 41.4425 0
1428.0462 937.4811 41.4705 0
1433.3162 948.7811 41.5535 0
1437.5462 957.8411 41.4471 0
1441.6762 966.9611 41.0548 0
1448.0562 980.4411 40.1016 0
1450.2062 985.0411 39.7244 0
1454.3362 994.2111 39.005 0
1459.7162 1005.4611 38.2166 0
1465.0562 1016.5511 37.4418 0
1470.3962 1027.8711 36.642 0
1474.7362 1036.9211 36.0968 0
1478.8562 1046.1111 35.7086 0
1481.9562 1052.9811 35.5336 0
1483.7962 1057.7111 35.4943 0
1485.8062 1062.7111 35.4645 0
1487.3162 1067.5511 35.4623 0
1488.7062 1072.2511 35.4608 0
1490.0762 1077.7711 35.4812 0
1490.9462 1081.7601 35.4964 0
1492.3062 1091.4111 35.5586 0
1492.6562 1101.1111 35.6342 0
1492.3462 1163.3911 38.3762 0
1492.3262 1184.0711 38.3762 0
1492.2762 1201.6511 38.3762 0
1492.3962 1220.7601 38.3762 0
1492.3162 1238.3211 38.3762 1
1492.3662 1254.1811 38.3762 0
1492.3862 1281.3411 38.3762 0
1492.3262 1290.8711 38.3762 0
1492.3762 1294.0711 38.3194 0
1492.1962 1297.0411 38.212 0
1491.6762 1301.8311 38.1566 0
1491.0662 1305.6411 38.1964 0
1489.9062 1311.2811 38.3521 0
1488.9762 1314.9611 38.5396 0
1487.9962 1318.5311 38.7633 0
1486.4962 1323.8511 39.1803 0
1484.9762 1329.0611 39.6756 0
1483.9562 1332.5411 40.0533 0
1482.5562 1337.6311 40.6546 0
1481.3462 1342.7511 41.3096 0
1480.3962 1347.8211 42.0006 0
1479.9662 1351.1811 42.4744 0
1479.6362 1356.0311 43.1727 0
1479.6962 1363.2711 44.0262 0
1479.6962 1372.4211 44.9486 0
1479.6362 1379.6511 45.5567 0
1479.6262 1388.7911 46.1595 0
1479.6462 1396.0311 46.5001 0
1479.6062 1408.8911 46.7874 0
1479.6362 1420.4111 46.6921 0
1479.7162 1430.0211 46.6921 0
1479.6862 1439.4611 46.6921 0
1479.6362 1453.7911 46.6921 0
1479.5762 1464.9701 46.6921 0
1479.6562 1479.3411 46.6921 0
1479.6662 1495.2711 46.6921 0
1479.6162 1503.2411 46.6921 0
1479.6062 1512.7911 46.6921 0
1479.6062 1522.4011 46.6918 0
1479.6562 1654.3611 46.6701 0
1479.5662 1663.5211 45.505 0
1479.7762 1673.0611 43.3573 0
1479.7462 1678.1311 42.0194 0
1479.6762 1683.3411 40.6076 0
1479.4162 1688.6311 39.2021 0
1479.0462 1693.8711 37.8632 0
1478.4462 1699.7411 36.4208 0
1477.6562 1705.4211 35.1127 0
1476.6062 1711.2811 33.8803 0
1475.2762 1717.2201 32.769 0
1473.7162 1723.5411 31.7597 0
1471.7562 1729.7311 30.934 0
1469.6962 1737.1711 30.2113 0
1467.8962 1745.3411 29.6857 0
1466.4462 1753.9911 29.3202 0
1465.4962 1762.9611 29.0644 0
1465.1362 1771.7711 28.8832 0
1465.4062 1779.9311 28.7357 0
1466.2962 1787.3711 28.5768 0
1468.0162 1794.1611 28.4389 0
1470.5962 1801.0311 28.3659 0
1473.7962 1807.3611 28.3466 0
1477.4262 1813.2601 28.3603 0
1481.6862 1819.0711 28.3913 0
1486.1562 1824.3811 28.4213 0
1490.9862 1829.4211 28.4333 0
1496.0962 1833.7311 28.4328 0
1501.6562 1837.7201 28.4352 0
1507.6462 1841.3411 28.4427 0
1514.1662 1844.6311 28.4562 0
1521.0362 1847.5911 28.4767 0
1528.2262 1850.4111 28.5057 0
1535.6062 1852.9811 28.5438 0
1543.5162 1855.2711 28.5995 0
1551.8462 1857.3011 28.6734 0
1560.3162 1859.0611 28.755 0
1569.5762 1860.6011 28.8443 0
1578.8362 1861.8311 28.9271 0
1587.9362 1862.8111 28.9957 0
1596.9262 1863.6511 29.044 0
1605.6462 1864.3411 29.0726 0
1614.5762 1864.6111 28.8341 0
1622.7362 1864.6911 28.8393 0
1632.0362 1864.6311 29.0912 0
1640.9362 1864.3711 29.0792 0
1650.2062 1863.9311 29.0602 0
1659.5362 1863.2911 29.0363 0
1669.2962 1862.6311 28.9923 0
1679.1562 1861.6111 28.9252 0
1689.3062 1860.4411 28.8461 0
1699.5662 1859.1411 28.7684 0
1709.9762 1857.7511 28.7045 0
1720.3662 1856.3711 28.6674 0
1730.9762 1854.8811 28.6693 0
1741.3862 1853.5311 28.7157 0
1751.6762 1852.2611 28.7963 0
1762.0462 1850.9511 28.9027 0
1772.5862 1849.5411 29.0262 0
1783.2462 1847.9011 29.1561 0
1794.2562 1846.1811 29.2838 0
1805.5862 1844.1511 29.3998 0
1817.5062 1842.0611 29.5275 0
1842.4762 1837.0811 29.841 0
1868.2262 1831.6311 30.1068 0
1891.0462 1826.2811 30.1657 0
1909.6562 1821.5311 29.7929 0
1917.3762 1819.4211 29.7065 0
1928.8962 1816.2411 29.5375 0
1940.3262 1812.8411 29.32 0
1955.5662 1808.2411 28.9499 0
1971.6262 1802.9211 28.7963 0
1980.7662 1798.9811 28.4337 0
1990.0162 1794.4511 28.0541 0
1998.9962 1789.7201 27.6647 0
2007.6562 1784.5311 27.2584 0
2024.0262 1773.1911 26.4284 0
2039.3362 1760.4701 25.5136 0
2053.3762 1746.5611 24.5131 0
2066.0662 1731.5611 23.4882 0
2072.0962 1723.6311 22.9813 0
2077.9562 1715.4911 22.4906 0
2083.5562 1707.3211 22.028 0
2094.2462 1690.4701 21.2062 0
2104.3262 1673.3411 20.5807 0
2114.2362 1655.8911 20.2003 0
2123.9962 1638.1011 20.0438 0
2133.8462 1620.7411 20.0671 0
2138.7562 1612.1311 20.114 0
2143.6162 1603.4411 20.1723 0
2153.4062 1586.6611 20.2951 0
2158.5462 1578.5311 20.3467 0
2163.5862 1570.5411 20.3823 0
2174.2462 1555.9911 20.3957 0
2184.7962 1542.4111 20.3957 0
2195.2562 1529.4211 20.3957 0
2205.7462 1517.1711 20.3957 0
2216.7062 1505.4411 20.3957 0
2228.1162 1494.1811 20.3957 0
2240.2962 1483.0811 20.3957 0
2246.8462 1477.6911 20.3957 0
2253.8462 1472.6011 20.3957 0
2268.8162 1462.7711 20.3957 0
2283.9662 1453.6711 20.3957 0
2291.6462 1449.1611 20.3957 0
2299.0462 1444.8311 20.3957 0
2306.0562 1440.5011 20.3957 0
2312.7662 1436.2601 20.3957 0
2318.9062 1431.9911 20.3957 0
2324.4462 1427.7601 20.3957 0
2329.2762 1423.5211 20.3957 0
2333.6362 1419.2411 20.3957 0
2337.6662 1414.9411 20.3957 0
2341.4262 1410.7511 20.3957 0
2344.9162 1406.4811 20.3957 0
2347.9462 1402.2911 20.3957 0
2350.7162 1398.0811 20.3957 0
2353.1262 1394.0211 20.3957 0
2355.1562 1390.0011 20.3957 0
2357.0062 1385.9411 20.396 0
2358.4662 1381.9911 20.3957 0
2359.5262 1378.1111 20.3957 0
2360.0062 1374.1211 20.3947 0
2360.3362 1370.3911 20.1337 0
2360.2562 1361.4911 19.9576 0
2360.2262 1352.3411 19.7166 0
2360.1562 1324.5911 19.6939 0
2360.0862 1306.1711 19.7031 0
2360.0662 1294.4011 19.7166 1
2360.0762 1278.5511 19.7172 0
2360.0462 1269.2911 19.6905 0
2360.3762 1260.0311 19.7166 0
2360.7262 1250.8611 19.9513 0
2361.3462 1243.4811 20.1339 0
2361.9162 1236.0101 20.3959 0
2362.0162 1228.9311 20.3959 0
2361.9362 1214.8411 20.3959 0
2361.5862 1201.3311 20.3959 0
2360.5662 1189.1311 20.3959 0
2359.8662 1183.4511 20.3959 0
2358.9162 1178.2511 20.3959 0
2357.7762 1173.3711 20.3959 0
2356.4462 1169.0711 20.3959 0
2354.7662 1165.2911 20.3959 0
2352.7062 1161.9511 20.3959 0
2347.5962 1156.1811 20.3959 0
2341.4262 1151.5311 20.3959 0
2334.4262 1148.0711 20.3959 0
2327.0962 1145.7011 20.4259 0
2319.8962 1144.3211 20.6354 0
2316.5162 1143.9811 20.7486 0
2313.2262 1143.8911 20.8331 0
2309.9662 1144.0711 20.8668 0
2303.2262 1145.2111 20.867 0
2296.2862 1147.4911 20.867 0
2289.1162 1150.9211 20.867 0
2281.6562 1155.5611 20.8673 0
2274.0762 1161.3111 20.867 0
2266.9362 1167.8211 20.971 0
2260.1562 1174.5211 21.3373 0
2253.4062 1181.2011 21.93 0
2246.8062 1187.9511 22.5392 0
2239.9962 1194.6811 23.1563 0
2233.3062 1201.3211 23.7647 0
2226.4562 1208.1811 24.3832 0
2220.9362 1213.1711 24.714 0
2214.5862 1217.5811 25.1036 0
2207.7862 1221.0811 25.5328 0
2200.5562 1224.0411 26.0086 0
2192.9062 1226.4011 26.5243 0
2184.9362 1228.1211 27.0709 0
2176.7062 1229.4811 27.6473 0
2168.1762 1230.3811 28.2521 0
2159.4562 1231.0411 28.879 0
2150.5762 1231.4411 29.5228 0
2141.5762 1231.6211 30.1805 0
2132.5162 1231.7011 30.8458 0
2117.3262 1231.7911 31.7001 0
2105.0962 1231.7911 32.0704 0
2086.7462 1231.7311 32.6266 0
2049.9462 1231.7011 33.7411 0
2000.9862 1231.7011 35.2245 0
1970.4162 1231.6511 36.1507 0
1943.0262 1231.9011 36.2714 0
1931.8762 1231.8711 36.2714 0
1912.7762 1231.9311 36.2714 0
1888.8562 1231.9411 36.2714 0
1865.2062 1231.8811 36.2714 0
1842.8362 1231.8311 36.2714 0
1828.5162 1231.8611 36.2714 0
1803.0662 1231.8611 36.2714 0
1785.4462 1231.8311 36.2712 0
1769.5162 1231.8911 36.2712 0
1744.6062 1231.8211 36.2712 0
1735.0262 1231.8311 36.2712 0
1722.2762 1231.8611 36.2712 1
1703.1262 1231.9311 36.2712 0
1683.9862 1231.9011 36.2712 0
1672.8662 1231.8211 36.2712 0
1660.0762 1231.8411 36.2712 0
1631.4062 1231.8511 36.2712 0
1620.1862 1231.8511 36.2712 0
1602.8962 1231.8711 35.0411 0
1586.3662 1231.8711 32.6917 0
1577.9762 1231.8511 32.1546 0
1557.8662 1231.9611 31.4385 0
1545.8962 1231.8711 31.2951 0
1533.1462 1231.8911 31.2951 0
1515.6162 1231.8711 31.2951 0
1499.7162 1231.9111 31.2951 0
1472.5762 1231.9701 31.2951 1
1456.7062 1231.9111 31.2951 0
1439.1262 1231.8711 31.2951 0
1427.9262 1231.9011 31.2951 0
1413.4762 1231.7811 31.2438 0
1399.1362 1231.8911 31.2438 0
1392.7962 1231.9411 31.2438 0
1376.8462 1231.9111 31.2438 0
1370.4562 1231.9111 31.2438 0
1365.6962 1231.8811 31.2438 0
1351.3762 1231.9211 31.2438 0
1330.6262 1231.8811 31.2438 0
1319.5062 1231.9211 31.2438 0
1308.2962 1231.9011 31.2438 0
1284.4162 1231.8811 31.2304 0
1278.8462 1231.9111 31.4793 0
1273.1562 1231.8911 31.8513 0
1265.6962 1231.7411 32.5757 0
1260.0662 1231.5711 33.2617 0
1254.4062 1231.2311 34.051 0
1244.9562 1230.2411 35.2229 0
1241.0962 1229.7111 35.6382 0
1237.2862 1229.0211 36.023 0
1233.4962 1228.1811 36.3816 0
1229.6162 1227.1411 36.7329 0
1227.7462 1226.6211 36.8972 0
1222.2462 1224.4911 37.3892 0
1220.5462 1223.7511 37.4706 0
1213.4762 1220.6911 38.1091 0
1208.2662 1218.0611 38.4778 0
1203.1962 1215.0711 38.835 0
1199.9262 1213.0311 39.0757 0
1193.6062 1208.7511 39.5803 0
1189.0662 1205.3311 39.8799 0
1184.6162 1201.9411 40.1221 0
1178.6262 1197.4111 40.3083 0
1174.2262 1194.0311 40.52 0
1171.3062 1191.8411 40.5982 0
1166.1562 1188.2411 40.6841 0
1161.0762 1184.9911 40.7178 0
1156.3162 1182.6111 40.7174 0
1152.3362 1180.6811 40.7121 0
1147.4062 1178.4411 40.7335 0
1140.5762 1175.5811 40.723 0
1135.9662 1173.7411 40.6969 0
1133.7762 1172.8411 40.6842 0
1129.1262 1171.1311 40.6063 0
1124.5062 1169.4511 40.5241 0
1117.7062 1167.2011 40.3239 0
1110.8862 1165.0311 40.0751 0
1105.8862 1163.5711 39.8786 0
1098.7062 1161.5411 39.5756 0
1089.1362 1158.8711 39.1813 0
1081.9262 1157.0101 38.8827 0
1077.1262 1155.7411 38.6767 0
1069.8862 1153.9111 38.3261 0
1062.6462 1152.1211 37.9022 0
1050.4062 1149.0211 37.2001 0
1043.1362 1147.0211 36.8822 0
1038.2962 1145.6211 36.7038 0
1028.6162 1142.7511 36.4286 0
1021.4662 1140.4311 36.2677 0
1014.3462 1137.9211 36.1701 0
1009.5162 1136.1611 36.1022 0
1006.0062 1134.6611 36.0521 0
1000.3462 1131.6511 35.9909 0
994.0462 1127.9811 35.9942 0
992.0662 1126.7811 36.0079 0
986.2662 1124.0311 35.9798 0
980.4862 1121.5711 35.7611 0
968.5762 1117.2111 35.7186 0
962.3962 1115.5101 35.5157 0
956.0962 1114.1311 35.3092 0
949.9062 1113.4111 35.18 0
941.2362 1113.2411 34.9422 0
930.9762 1113.5311 34.493 0
923.3862 1113.8811 34.1205 0
918.6262 1114.1111 33.8866 0
910.1262 1114.2201 33.8131 0
906.1062 1114.1711 33.8001 0
900.1062 1114.1811 33.7999 0
892.2062 1114.1611 33.8233 0
884.8462 1114.1311 33.8585 0
873.7662 1114.1011 33.858 0
865.8962 1114.1211 33.8936 0
857.4462 1114.0711 33.9422 0
848.2662 1114.0611 34.0074 0
836.9462 1114.0511 34.0975 0
829.0562 1114.1211 34.1519 0
815.6672 1114.1911 34.2632 0
805.0862 1114.1311 34.3643 0
789.2562 1114.1011 34.605 0
781.3762 1114.0611 34.6756 0
770.8562 1114.0511 34.8104 0
760.3362 1114.1111 34.941 0
744.5462 1114.1111 35.0765 0
707.6962 1114.0711 35.8682 0
694.5162 1114.1911 36.1631 0
684.0162 1114.0611 36.3633 0
665.5662 1114.1911 36.6558 0
657.6562 1114.1211 36.8448 0
636.5962 1114.1511 37.0772 0
628.7262 1114.1511 37.1207 0
610.3362 1114.1111 37.2525 0
605.0262 1114.1411 37.293 0
589.2562 1114.0911 37.4273 0
578.6672 1114.1911 37.5225 0
571.0962 1114.1911 37.586 0
568.4762 1114.1611 37.6089 0
556.3162 1114.2111 37.7379 0
546.2862 1114.1611 37.8394 0
534.7962 1114.1311 37.9571 0
522.4462 1114.1311 38.0538 0
509.7262 1114.1611 38.1568 0
496.7862 1114.2601 38.2276 0
483.9362 1114.2601 38.2745 0
471.6462 1114.2201 38.2896 0
461.6562 1114.1711 38.2701 0
450.2262 1114.2111 38.2139 0
437.9172 1114.1411 38.0816 0
412.1562 1113.8711 37.7549 0
405.8062 1113.7601 37.5655 0
399.9762 1113.7511 37.3912 0
394.7162 1113.6811 37.1993 0
387.0562 1113.5101 36.9131 0
384.2062 1113.5311 36.7769 0
378.9462 1113.5011 36.5259 0
371.0962 1113.4911 36.1498 0
365.8362 1113.4911 35.8979 0
357.9172 1113.4811 35.4321 0
352.6672 1113.5211 35.1166 0
340.4262 1113.6911 34.2773 0
327.5062 1113.7011 33.2021 0
321.1562 1113.7511 32.5937 0
310.7362 1113.7111 31.5483 0
300.2762 1113.7811 30.4062 0
287.2462 1113.7111 28.8441 0
280.6262 1113.7011 28.0126 0
273.5962 1113.7111 27.1278 0
266.7662 1113.7911 26.2694 0
241.1262 1113.8111 22.7162 0
220.1962 1113.7911 19.6093 0
203.5562 1113.8611 16.9911 0
188.2962 1113.8311 14.6464 0
175.6362 1113.7811 12.6986 0
159.8962 1114.0311 10.4188 0
152.0462 1114.0711 9.22933 4
144.1862 1114.0511 7.96078 4
136.3062 1114.0511 6.59164 4
128.2562 1114.0011 5.0359 4
120.9662 1114.0811 3.54859 4
114.9262 1114.4611 2.24195 4
108.6762 1115.4611 0.967537 4
102.2662 1117.0811 -0.277092 4
95.8062 1119.3511 -1.52488 4
83.4562 1125.9011 -3.29636 4
77.5162 1130.3011 -3.75095 4
64.0562 1144.3011 -4.00227 4
60.196199999999 1150.7511 -4.00227 4
57.3862 1155.1411 -4.00227 4
54.526199999999 1162.2601 -4.00227 4
50.7462 1169.3711 -4.00227 4
50.816199999999 1175.9611 -4.00227 4
50.8462 1183.2711 -4.00227 4
51.0462 1191.3711 -4.00227 4
53.9562 1206.6011 -3.90336 4
56.0162 1212.5311 -3.90336 4
57.6762 1216.3611 -3.90336 4
59.6262 1220.0311 -3.90336 4
61.6762 1223.6311 -3.90336 4
65.1862 1228.8811 -3.90336 4
69.156199999999 1233.7411 -3.90336 4
72.196199999999 1236.6111 -3.90336 4
76.7462 1241.0011 -3.90336 4
81.616199999999 1244.8711 -3.90336 4
87.066199999999 1248.2011 -3.90336 4
97.1862 1254.0711 -3.90336 4
107.4962 1259.9011 -3.90336 4
114.2062 1263.8311 -3.90336 4
117.6762 1265.9811 -3.99543 4
120.9362 1268.1111 -4.14045 4
124.1762 1270.3211 -4.35139 4
127.2962 1272.6411 -4.66536 4
130.5262 1275.0311 -4.97737 4
134.2562 1277.5911 -5.19709 4
138.2862 1280.2711 -5.35432 4
142.3862 1282.8611 -5.44563 4
151.6262 1289.0511 -5.44639 4
156.7462 1293.4211 -5.44639 4
162.7062 1299.9311 -5.44639 4
168.0562 1307.1311 -5.44639 4
172.3962 1314.7511 -5.44639 4
175.2662 1320.6711 -5.44639 4
177.3062 1327.1711 -5.44639 4
178.8962 1333.7601 -5.44639 4
179.2862 1338.7111 -5.44639 4
179.2862 1354.4211 -5.44639 4
179.1162 1400.1611 -5.446 5
179.1362 1417.6111 -5.446 4
179.2062 1432.9911 -5.44639 4
179.0762 1439.6711 -5.44639 4
178.0662 1446.3111 -5.44639 4
177.1462 1450.6411 -5.44639 4
173.4862 1464.1011 -5.44639 4
169.2762 1479.2311 -5.44639 4
167.3562 1487.1611 -5.44639 4
166.3162 1495.3911 -5.44639 4
165.9762 1501.7601 -5.44562 4
166.1762 1509.2011 -5.09845 4
167.2662 1520.8711 -4.10041 4
167.2662 1528.7511 -4.02939 4
167.3062 1580.0211 -4.02939 4
167.3462 1646.8011 -4.02939 4
167.2462 1682.0411 -4.02939 4
167.7762 1690.4111 -4.02939 4
169.1962 1698.5711 -4.02939 4
171.9762 1708.2711 -4.02939 4
177.9262 1730.9811 -4.02939 4
179.3862 1737.5011 -4.02939 4
180.2562 1744.0611 -4.02939 4
180.4962 1764.3911 -4.029 4
180.4762 1782.2201 -4.029 5
180.4362 1798.7811 -4.029 4
180.4662 1821.5911 -4.02939 4
180.5262 1872.7311 -4.02939 4
180.4762 1900.0411 -4.02939 4
180.5362 1910.3111 -4.02939 4
180.0662 1916.8911 -4.02939 4
179.4662 1921.4111 -4.02939 4
175.8962 1935.4111 -4.02939 4
168.7262 1962.0911 -4.02939 4
162.5762 1984.6711 -4.02939 4
160.0262 1993.0111 -4.02939 4
157.9362 1997.1111 -4.02939 4
155.1762 2001.2011 -4.02939 4
152.2162 2004.7611 -4.02939 4
148.7162 2007.7811 -4.02939 4
144.5662 2010.4811 -4.02939 4
137.9262 2014.3811 -4.02939 4
124.2262 2022.2911 -4.02939 4
115.7062 2027.1311 -4.02939 4
108.8862 2031.9511 -4.02939 4
103.9662 2036.0111 -4.02939 4
98.3762 2042.2711 -4.02939 4
93.276199999999 2048.7311 -4.02939 4
89.0162 2056.3011 -4.02939 4
85.7062 2064.1311 -4.02939 4
83.8862 2070.0111 -4.02939 4
80.946199999999 2077.7811 -4.30192 4
77.776199999999 2084.8811 -4.66276 4
74.0862 2091.7711 -5.14225 4
71.106199999999 2098.8411 -5.42301 4
68.606199999999 2106.5811 -5.52116 4
67.7662 2110.4211 -5.52152 4
61.6672 2133.1111 -5.52152 4
55.406199999999 2156.0911 -4.48246 4
50.356199999999 2174.8211 -2.04056 4
46.2262 2190.0911 -0.788611 4
43.4762 2199.7611 -0.578161 4
41.4172 2206.1111 -0.578161 4
38.7562 2212.2911 -0.578161 4
34.0762 2219.8911 -0.578161 4
30.2462 2225.3111 -0.578161 4
24.3962 2231.8511 -0.578161 4
17.866199999999 2237.6311 -0.578161 4
12.4262 2241.8411 -0.578161 4
6.7761999999993 2245.1611 -0.578161 4
0.6261999999997 2248.1311 -0.578161 4
-5.5138000000006 2250.3611 -0.578161 4
-12.0038 2252.1011 -0.578161 4
-19.5238 2253.0311 -0.541992 4
-54.0338 2253.0511 -0.541992 5
-81.8538 2252.8811 -0.536987 4
-91.7038 2252.8511 -0.867203 4
-107.4938 2252.9611 -2.20236 4
-140.6638 2252.9111 -6.87331 4
-156.2838 2252.8911 -9.06915 4
-168.0238 2252.8211 -10.7191 4
-191.4438 2252.9611 -13.5833 4
-199.2738 2253.0111 -14.0624 4
-207.2438 2253.0111 -14.275 4
-211.1638 2252.8611 -14.275 4
-215.1738 2252.4611 -14.275 4
-219.3838 2251.8511 -14.275 4
-223.4038 2250.9511 -14.275 4
-227.3838 2249.6011 -14.275 4
-231.2338 2248.4611 -14.275 4
-235.0038 2247.7611 -14.275 4
-238.8538 2247.3011 -14.275 4
-242.3638 2247.0311 -14.275 4
-245.7338 2246.9811 -14.2692 4
-249.7338 2247.0011 -14.269 4
-261.4438 2247.0811 -14.269 4
-273.2738 2246.9711 -14.269 4
-281.7138 2246.8311 -14.269 4
-288.3138 2246.0811 -14.269 4
-294.7638 2244.7711 -14.269 4
-308.2438 2241.2011 -14.269 4
-319.8938 2238.2111 -14.269 4
-335.0638 2234.1811 -14.269 4
-350.1838 2230.0011 -14.269 4
-361.8038 2226.6411 -14.269 4
-367.2538 2224.8111 -14.269 4
-372.2738 2222.5311 -14.269 4
-379.4538 2218.3011 -14.269 4
-396.5638 2208.6511 -14.269 4
-407.0738 2202.5411 -14.269 4
-412.7338 2198.4911 -14.269 4
-417.7538 2194.1211 -14.269 4
-422.2238 2189.3611 -14.269 4
-426.4038 2184.1511 -14.269 4
-429.1738 2180.5511 -14.269 4
-431.2938 2176.8211 -14.269 4
-433.4138 2172.3811 -14.269 4
-435.9838 2164.2711 -14.2692 4
-440.0538 2149.0111 -14.194 4
-443.4138 2136.1011 -14.194 5
-447.1938 2122.4111 -14.194 4
-451.3038 2107.1311 -14.2661 4
-454.2538 2095.7311 -13.8467 4
-461.4238 2069.3011 -10.6972 4
-466.4438 2050.5311 -7.96674 4
-469.3138 2039.2311 -6.39878 4
-474.4338 2020.2111 -5.01938 4
-477.6438 2008.8911 -4.94907 4
-480.7638 1997.4311 -4.94907 4
-483.7238 1985.9911 -4.94907 4
-485.1038 1979.5411 -4.94907 4
-485.8838 1973.0211 -4.94907 4
-486.2338 1968.6111 -4.94907 4
-486.3638 1958.3111 -4.94907 4
-486.1038 1943.0011 -4.94907 4
-486.1938 1926.7911 -4.94907 4
-486.1938 1915.2811 -4.94907 4
-486.2938 1903.4511 -4.94907 4
-486.5338 1891.6411 -4.94902 4
-486.9838 1883.8511 -4.94854 4
-487.2238 1873.9511 -4.95195 4
-487.2238 1869.0211 -4.95488 4
-487.0638 1861.1311 -4.95475 4
-487.2138 1845.4011 -4.95475 4
-487.2338 1835.3111 -4.95475 4
-486.8938 1830.8311 -4.95475 4
-486.0238 1824.2311 -4.95475 4
-484.5438 1817.7711 -4.95475 4
-481.5338 1806.3611 -4.95475 4
-478.4738 1794.8711 -4.95475 4
-473.4838 1776.0211 -4.955 4
-467.8438 1754.5811 -4.955 5
-460.3438 1726.6611 -4.95496 4
-456.1938 1711.4811 -4.95475 4
-453.9738 1703.8911 -4.95475 4
-452.0538 1696.2111 -4.95475 4
-450.6638 1690.1811 -4.95475 4
-449.8238 1683.9911 -4.95475 4
-449.5338 1679.7411 -4.95475 4
-449.5338 1673.6011 -5.02994 4
-449.6638 1657.8711 -5.99772 4
-449.4738 1646.1011 -7.4484 4
-449.6338 1630.4511 -9.21451 4
-449.6138 1614.7601 -9.89814 4
-449.6838 1610.8211 -9.89814 4
-449.7638 1602.9611 -9.89863 4
-450.0238 1595.2911 -9.89863 4
-450.3328 1582.2411 -9.89619 4
-450.4338 1560.7811 -9.89243 4
-450.4238 1548.9411 -9.89243 4
-450.3538 1541.0711 -9.89243 4
-450.1738 1536.5411 -9.89243 4
-449.4338 1529.9511 -9.89243 4
-448.7338 1525.7011 -9.89243 4
-447.6838 1521.2811 -9.89243 4
-445.6838 1515.0711 -9.89243 4
-444.0138 1510.8611 -9.89243 4
-442.2038 1506.6911 -9.89243 4
-440.1638 1502.8711 -9.89243 4
-436.1138 1496.0511 -9.89243 4
-432.3138 1489.3611 -9.89243 4
-428.3938 1482.4811 -9.89243 4
-422.4138 1472.0311 -9.89243 4
-419.8438 1466.2411 -9.89243 4
-417.6538 1460.2511 -9.89243 4
-416.2438 1454.1411 -9.89243 4
-415.2138 1448.2311 -9.89243 4
-414.6938 1441.8611 -9.89243 4
-414.6738 1435.7911 -9.89243 4
-414.6738 1412.0511 -9.89243 4
-414.7638 1380.7811 -9.89243 4
-414.8328 1355.3011 -9.891 4
-414.7038 1347.1611 -9.891 5
-414.8038 1313.8711 -9.89097 4
-414.8938 1302.0911 -9.47641 4
-414.8038 1270.7601 -5.77796 4
-414.8038 1243.5311 -2.02213 4
-414.7338 1219.8711 -0.572312 4
-414.7338 1211.9311 -0.572312 4
-414.7838 1196.3311 -0.572312 4
-414.7438 1188.4511 -0.572312 4
-414.8138 1180.8811 -0.536337 0
-414.8038 1160.9011 -0.572312 0
-414.7838 1153.0811 -0.572312 4
-414.7538 1145.2111 -0.572312 4
-414.7238 1137.4211 -0.572312 4
-414.7538 1129.5411 -0.572312 4
-414.7538 1121.5711 -0.572346 4
-414.3938 1113.7201 -0.572346 4
-413.8538 1106.0611 -0.572834 4
-413.7138 1098.5011 -0.578099 4
-413.7638 1094.3611 -0.578099 4
-414.3538 1088.2711 -0.578099 4
-415.5828 1081.9011 -0.578099 4
-418.0338 1072.3911 -0.578099 4
-422.2238 1057.1611 -0.578099 4
-425.2838 1045.7511 -0.578099 4
-428.3328 1034.2411 -0.578099 4
-433.3838 1015.3511 -0.578099 4
-436.5238 1003.8411 -0.578099 4
-440.5538 988.8911 -0.578099 4
-442.5828 981.2011 -0.578099 4
-446.6438 965.9911 -0.578099 4
-448.6738 958.4011 -0.578099 4
-449.8238 954.1511 -0.578099 4
-450.4838 949.7201 -0.578099 4
-451.0538 945.2511 -0.578099 4
-451.3138 940.8511 -0.578099 4
-451.2538 934.7411 -0.650243 4
-451.3438 911.1111 -2.51938 4
-451.4138 891.6211 -5.25368 4
-451.3538 864.1811 -8.88132 4
-451.3038 844.8211 -9.89499 4
-451.3438 832.8511 -9.898 4
-451.3438 821.0811 -9.898 4
-451.3938 813.2711 -9.898 5
-451.3438 793.5311 -9.898 4
-451.3138 781.7011 -9.89792 4
-451.2738 777.2601 -9.89792 4
-450.6338 770.6411 -9.89792 4
-449.1838 764.2411 -9.89792 4
-444.7338 746.7911 -9.89792 4
-442.6838 739.1611 -9.89792 4
-439.6938 727.7511 -9.89792 4
-436.5738 716.4011 -9.89792 4
-431.3238 697.6011 -9.89785 4
-428.7338 690.3711 -9.89981 4
-425.9138 683.1311 -9.89346 4
-423.8328 676.2911 -9.8417 4
-423.1038 674.1611 -9.84147 4
-421.7838 669.9511 -9.84147 4
-420.1438 665.7511 -9.84147 4
-418.3238 661.7011 -9.84147 4
-416.1438 657.9211 -9.84147 4
-410.2438 647.6111 -9.84147 4
-406.2838 640.8311 -9.84147 4
-400.3638 630.5911 -9.84147 4
-394.4038 620.3711 -9.84147 4
-388.6438 610.1411 -9.84147 4
-384.7138 603.3411 -9.84147 4
-378.7538 593.1211 -9.84147 4
-372.8138 582.9511 -9.84147 4
-368.9838 576.1711 -9.84147 4
-365.5038 570.4611 -9.84147 4
-361.4138 565.1011 -9.84147 4
-358.4838 561.7911 -9.84147 4
-354.2038 557.5411 -9.91129 4
-345.7738 549.1811 -10.5329 4
-334.7138 538.0511 -12.3229 4
-323.6238 526.9311 -14.0993 4
-315.3438 518.6511 -14.7126 4
-304.1938 507.4511 -14.7848 4
-295.6438 499.3111 -14.7848 4
-290.1338 493.7601 -14.7848 4
-285.8138 489.0711 -14.7848 4
-282.1538 484.0811 -14.7848 4
-278.7938 478.6711 -14.785 4
-272.9138 468.4511 -14.785 4
-267.0338 458.3011 -14.785 4
-263.5738 452.3011 -14.785 5
-259.1638 444.6411 -14.785 4
-255.1838 437.8311 -14.7373 4
-251.2938 431.0611 -14.785 4
-247.3138 424.1911 -14.7848 4
-241.3538 413.9701 -14.7848 4
-233.5638 400.3411 -14.7848 4
-230.6038 395.1611 -14.7848 4
-228.7038 391.4311 -14.7848 4
-226.3138 385.6811 -14.7848 4
-224.3538 379.6511 -14.7848 4
-222.3938 372.0911 -14.7848 4
-219.3328 360.6111 -14.7848 4
-216.2838 349.3311 -14.7848 4
-214.6438 344.8711 -14.7848 4
-212.6438 340.6011 -14.7848 4
-210.0738 336.5311 -14.7848 4
-206.8328 333.0101 -14.7848 4
-204.0538 329.9511 -14.7848 4
-201.7738 326.3711 -14.7848 4
-199.8838 322.6711 -14.7848 4
-198.6638 318.6411 -14.7848 4
-196.6038 311.0511 -14.7848 4
-193.6238 299.7201 -14.7848 4
-191.5638 292.1011 -14.7848 4
-189.9138 286.1411 -14.7848 4
-187.9138 281.5911 -14.7848 4
-184.9538 276.1411 -14.7848 4
-175.1738 259.2011 -14.7848 4
-167.0738 245.4611 -14.7848 4
-157.3638 228.4411 -14.7848 4
-143.5738 204.6411 -14.7848 4
-141.5238 201.2201 -14.7848 4
-137.6638 194.1511 -14.7848 4
-134.3138 186.4611 -14.7848 4
-132.3438 180.4411 -14.7848 4
-130.3328 172.9811 -14.7848 4
-128.2538 165.3311 -14.7848 4
-126.3838 157.7011 -14.7848 4
-124.3038 150.1111 -14.7848 4
-122.2738 143.6111 -14.7848 4
-118.7638 135.5511 -14.7848 4
-114.3538 128.0611 -14.7848 4
-111.6638 124.2811 -14.7848 4
-109.0338 120.7811 -14.7848 4
-104.4938 115.9611 -14.7848 4
-98.183800000001 110.2311 -14.837 4
-95.1038 107.7511 -14.8458 4
-91.9438 105.5311 -14.8429 4
-88.8238 103.1311 -14.8414 4
-85.8138 100.5311 -14.8414 4
-82.7338 97.7911 -14.8413 4
-79.4138 94.7601 -14.8413 4
-76.0438 91.9011 -14.8413 4
-72.5438 89.0811 -14.8413 4
-63.4438 83.7111 -14.8413 4
-53.2938 77.8111 -14.8413 4
-39.7338 69.8111 -14.8413 4
-29.5638 63.9911 -14.8413 4
-15.8638 56.1811 -14.8413 4
-8.4538000000002 52.1611 -14.8413 4
-4.4238000000005 50.3211 -14.8413 4
-0.33280000000013 48.6611 -14.8413 4
3.8661999999995 47.2111 -14.8413 4
8.1462000000001 46.1411 -14.8413 4
12.526199999999 45.2111 -14.8413 4
16.8962 44.6911 -14.8413 4
23.5862 44.1111 -14.8413 4
33.6262 44.1111 -14.8413 4
49.2862 44.1011 -14.8413 4
64.986199999999 44.1011 -14.8413 4
76.7562 44.1011 -14.8413 4
88.6762 43.8411 -14.8413 4
93.4362 44.2911 -14.8413 4
97.9962 45.2601 -14.8413 4
102.6262 46.8711 -14.8413 4
106.7462 48.8611 -14.8413 4
110.8662 51.4411 -14.8413 4
114.3162 54.5811 -14.8413 4
117.4762 58.2511 -14.8413 4
119.9562 62.1411 -14.8413 4
126.0362 72.3611 -14.8413 4
131.7262 82.5811 -14.8413 4
136.8762 91.2411 -14.8413 4
139.3862 94.6511 -14.8413 4
142.2662 97.3511 -14.8413 4
145.7762 100.0511 -14.8413 4
154.3962 105.0101 -14.841 4
161.8962 109.3311 -14.8415 4
176.0162 117.5011 -14.8415 5
181.5462 120.7201 -14.841 4
191.7562 126.6211 -14.841 4
202.0862 132.5711 -14.8413 4
212.0862 138.5611 -14.8413 4
232.5562 150.3011 -14.8413 4
249.6762 160.1711 -14.8413 4
258.5862 165.0911 -14.8413 4
262.2962 168.0811 -14.8413 4
265.4962 171.3311 -14.8413 4
268.8762 173.8411 -14.8413 4
277.4762 178.7711 -14.8413 4
297.8962 190.5411 -14.8413 4
303.4062 194.1611 -14.8413 4
308.6762 198.1211 -14.8413 4
313.6062 202.7111 -14.8413 4
318.0462 207.5811 -14.8413 4
320.9762 211.2411 -14.8413 4
323.3862 214.7411 -14.8413 4
326.7962 220.4811 -14.8413 4
329.6162 226.4811 -14.8413 4
332.2062 232.6311 -14.8413 4
333.9462 239.0911 -14.8413 4
335.5962 247.7911 -14.8413 4
335.9862 256.7411 -14.8413 4
335.5962 263.2601 -14.8413 4
334.3762 272.1111 -14.8413 4
333.3762 276.3611 -14.8413 4
330.2862 287.8211 -14.4282 4
326.1562 302.8711 -12.9331 4
323.2462 314.2201 -11.296 4
320.0462 325.5511 -9.64215 4
317.0462 336.6911 -8.02106 4
313.9562 348.2311 -6.54966 4
311.0062 359.7811 -5.72544 4
307.6362 371.5011 -5.52134 4
305.3162 377.6911 -5.52134 4
302.2562 383.6411 -5.52134 4
298.9662 389.3311 -5.52134 4
295.2062 394.8111 -5.52134 4
292.2362 398.1711 -5.52134 4
289.2362 401.5611 -5.52134 4
286.0962 404.5101 -5.52134 4
282.6562 407.4111 -5.52134 4
275.3862 412.4511 -5.52134 4
271.5862 414.7311 -5.52134 4
267.6062 416.7511 -5.52134 4
263.4362 418.5101 -5.52134 4
259.3362 420.0611 -5.52134 4
255.0262 421.2811 -5.52134 4
251.1162 422.6811 -5.52134 4
247.3462 424.3511 -5.52134 4
242.2662 428.0711 -5.52134 4
237.8962 432.1311 -5.52134 4
232.2562 437.7601 -5.52134 4
226.7562 443.2011 -5.52134 4
221.1362 448.8011 -5.52134 4
216.7962 452.9211 -5.52134 4
214.4662 456.4811 -5.52134 4
213.3962 458.3211 -5.52134 4
211.1672 461.8111 -5.52164 4
208.8762 464.8611 -5.52164 4
203.0162 471.1011 -5.52164 4
195.5662 481.2711 -5.51566 4
187.6062 494.6911 -5.51566 4
179.9172 508.3011 -5.51566 4
176.9362 513.7411 -5.51566 4
174.4262 519.6111 -5.51566 4
172.5662 525.6111 -5.51566 4
170.9762 533.7601 -5.51566 4
170.4462 540.2011 -5.51566 4
170.2962 544.3511 -5.51566 4
170.2362 552.2711 -5.516 4
170.2262 564.0311 -5.51587 4
170.1762 575.7201 -5.516 5
170.2062 583.6411 -5.516 4
170.2362 599.4011 -5.516 4
170.3062 607.2711 -5.51587 4
170.1762 634.9911 -5.51566 4
170.0562 662.3111 -5.51566 4
170.0562 670.1711 -5.51566 4
169.9862 674.9611 -5.51566 4
168.9362 679.5411 -5.51566 4
167.3562 684.0311 -5.51566 4
165.3062 688.2811 -5.51566 4
162.6062 692.1211 -5.51566 4
159.5162 695.7111 -5.51566 4
155.8962 698.6911 -5.51566 4
152.0862 701.5811 -5.51566 4
145.3662 705.4701 -5.51566 4
135.1262 711.4111 -5.51566 4
121.9962 719.0311 -5.37211 4
114.5362 723.5811 -4.78201 4
107.7662 727.8211 -4.24279 4
100.9962 731.9911 -3.95328 4
94.1862 735.8411 -3.9032 4
87.3762 739.8511 -3.90336 4
77.1362 745.6811 -3.90336 4
70.406199999999 749.5911 -3.90336 4
65.1672 752.5811 -3.90336 4
61.8362 755.2601 -3.90336 4
58.816199999999 758.2111 -3.90336 4
55.1672 763.3911 -3.90336 4
52.5362 769.0211 -3.90336 4
51.2162 775.2601 -3.90336 4
51.0862 783.3311 -3.90336 4
50.9762 795.1111 -3.90336 4
51.116199999999 810.7111 -3.90336 4
51.0062 844.7201 -3.903 5
51.0162 873.8211 -3.90346 4
51.0562 889.5711 -3.90335 4
50.8862 924.7511 -3.90335 4
50.8862 964.3311 -3.90335 4
50.8862 983.8811 -4.00227 4
51.2462 1015.6311 -4.00227 4
51.4962 1026.2411 -4.00227 4
54.816199999999 1037.6611 -4.00227 4
58.7262 1047.9011 -4.00227 4
61.0362 1051.9511 -4.00227 4
65.4362 1058.3811 -4.00227 4
67.856199999999 1061.6711 -4.00227 4
72.2462 1066.3311 -3.86802 4
77.4762 1070.9811 -3.74815 4
81.5362 1074.1011 -3.43076 4
86.1762 1077.2201 -2.9835 4
92.4762 1080.5611 -2.09922 4
95.6862 1081.9411 -1.53281 4
102.2062 1084.2311 -0.278015 4
105.4462 1085.1511 0.346008 4
108.6162 1085.8811 0.965637 4
111.7962 1086.4411 1.59991 4
114.9262 1086.8811 2.24933 4
117.9172 1087.1111 2.89288 4
120.9962 1087.2311 3.55597 4
124.4462 1087.3811 4.2674 4
136.2662 1087.2811 6.58478 4
144.1562 1087.3111 7.95577 4
152.0562 1087.3111 9.23019 4
162.0762 1087.0911 10.7766 4
166.4862 1087.0911 11.3781 4
171.5362 1087.0811 12.0881 4
175.5962 1087.0711 12.6959 0
188.3062 1087.3411 14.6478 0
217.3562 1087.3711 19.1625 0
243.0362 1087.3211 22.9823 0
263.5462 1087.3511 25.8314 0
284.0162 1087.3411 28.4384 0
295.0462 1087.3811 29.7993 0
307.5662 1087.3211 31.2089 0
318.5662 1087.3511 32.3456 0
329.0362 1087.4811 33.3295 0
336.3762 1087.4911 33.9409 0
349.4962 1087.5101 34.9003 0
357.9262 1087.5511 35.4331 0
365.2762 1087.5101 35.8686 0
373.1462 1087.4911 36.249 0
381.6062 1087.4211 36.6529 0
399.3962 1087.2011 37.3741 0
412.2062 1087.1111 37.7549 0
425.1462 1087.0511 37.9048 0
437.9062 1086.9511 38.0811 0
450.1862 1086.9811 38.2134 0
461.7162 1087.0411 38.2696 0
471.6862 1087.0011 38.2891 0
483.9862 1086.9611 38.274 0
496.7662 1086.9411 38.2281 0
509.7962 1086.9411 38.1563 0
522.4862 1086.9911 38.0533 0
534.7562 1087.0101 37.9576 0
546.3062 1086.9211 37.8389 0
562.8262 1086.8711 37.6685 0
570.8162 1086.9211 37.5889 0
581.1462 1086.9411 37.5015 0
589.2362 1086.9411 37.4271 0
607.5662 1086.8411 37.2728 0
623.3962 1086.8611 37.1595 0
639.1562 1086.8811 37.0652 0
665.4562 1086.9111 36.659 0
683.9762 1086.8711 36.3638 0
699.7362 1086.8611 36.0462 0
715.5962 1086.8211 35.6915 0
733.9562 1086.9511 35.2964 0
754.9362 1086.9211 34.9542 0
771.8062 1086.8311 34.7943 0
794.5462 1086.8911 34.5098 0
821.5662 1086.9811 34.2044 0
829.6862 1086.9611 34.1473 0
840.6672 1086.9411 34.0677 0
847.6262 1086.9111 34.0125 0
860.0062 1086.9511 33.9236 0
877.9762 1087.0011 33.8582 0
892.4562 1086.9511 33.8218 0
910.1362 1086.9411 33.7792 0
923.3762 1086.9911 33.5931 0
930.8862 1086.9611 33.4864 0
944.1062 1087.5211 33.5011 0
956.9172 1088.6011 33.6231 0
963.2062 1089.2201 33.775 0
969.5362 1090.1111 33.9281 0
975.6672 1090.6211 34.1432 0
981.7762 1090.6011 34.3089 0
985.0262 1090.2911 34.4488 0
992.7562 1089.0911 34.7989 0
997.5262 1087.7811 35.12 0
1001.5162 1086.5711 35.4242 0
1005.1362 1085.0211 35.7467 0
1008.4562 1083.2511 36.0819 0
1011.4062 1081.2811 36.4183 0
1014.2262 1078.9511 36.7799 0
1016.6862 1076.8511 37.1068 0
1019.0462 1074.4211 37.4493 0
1021.0662 1071.8711 37.773 0
1022.8962 1069.2111 38.0843 0
1024.7262 1066.1011 38.3983 0
1026.2762 1062.5311 38.6817 0
1027.3362 1059.6511 38.8727 0
1028.2762 1056.5811 39.046 0
1028.9562 1053.6011 39.193 0
1029.3062 1051.1011 39.3097 0
1029.6672 1043.0101 39.5865 0
1029.7362 1035.1511 39.774 0
1029.7762 1025.2311 39.9493 0
1029.6362 1015.3511 40.0755 0
1029.5162 1005.3411 40.1732 0
1029.3662 992.7811 40.274 0
1029.4172 980.2601 40.2813 0
1029.4262 960.2811 39.9452 0
1029.4062 947.8211 39.5514 0
1029.3762 932.8511 38.9027 0
1029.3162 920.3711 38.223 0
1029.4062 902.9111 36.9371 0
1029.4262 892.9911 35.9564 0
1029.4172 875.5811 34.3082 0
1029.3962 858.0911 33.1859 0
1029.3962 840.5711 32.6883 0
1029.4862 820.5311 32.389 0
1029.4172 805.5511 32.1251 0
1029.4172 795.5611 31.92 0
1029.3862 788.0711 31.7508 0
1029.3462 772.0311 31.3546 0
1028.0162 766.3111 31.624 0
